Unique values for column 'carat':
0.23
0.21
0.29
0.31
0.24
0.26
0.22
0.3
0.2
0.32
0.33
0.25
0.35
0.42
0.28
0.38
0.7
0.86
0.71
0.78
0.96
0.73
0.8
0.75
0.74
0.81
0.59
0.9
0.91
0.61
0.77
0.63
0.76
0.64
0.72
0.79
0.58
1.17
0.6
0.83
0.54
0.98
0.52
1.01
0.53
0.84
0.51
1.05
0.55
0.87
1.0
0.57
0.82
1.04
0.93
1.2
0.99
0.34
0.43
0.36
0.95
0.89
1.02
0.97
0.56
0.85
0.92
1.27
0.66
1.12
0.68
1.03
0.62
1.22
1.08
0.88
0.5
1.19
0.39
0.65
1.24
1.5
0.27
0.41
1.13
1.06
0.69
0.4
1.14
0.94
1.29
1.52
1.16
1.21
1.23
1.09
0.67
1.11
1.1
1.18
1.15
1.25
1.07
1.28
1.51
0.37
1.31
1.26
1.39
1.44
1.35
1.3
1.32
1.41
1.36
1.45
1.34
1.58
1.54
1.38
1.33
1.74
1.64
1.47
1.4
1.55
1.95
2.0
1.37
1.83
1.62
1.57
1.69
2.06
1.72
1.66
2.14
1.49
1.46
2.15
1.96
2.22
1.7
1.53
1.85
2.01
2.27
1.68
1.56
1.81
1.65
1.82
2.03
1.73
1.59
1.42
1.43
2.08
1.48
1.6
2.49
1.71
2.02
2.07
3.0
2.21
2.1
1.91
2.25
2.17
2.32
2.72
1.61
2.23
2.11
2.05
1.63
2.3
2.31
1.75
2.04
2.12
1.77
2.5
1.8
1.67
1.84
2.2
3.01
1.88
2.33
2.68
2.34
1.9
2.16
2.74
1.78
1.76
2.28
1.79
1.94
2.43
1.86
3.11
1.87
2.09
1.89
2.52
2.19
2.18
2.77
2.63
3.05
2.46
3.02
2.38
2.24
2.26
2.36
1.99
2.29
3.65
2.45
2.4
2.54
3.24
2.13
2.58
3.22
3.5
2.48
1.98
2.44
2.75
1.93
2.41
2.61
2.35
2.51
2.7
2.55
1.97
2.53
2.37
2.47
2.8
4.01
2.56
3.04
1.92
2.39
3.4
4.0
3.67
2.42
2.66
2.65
2.59
2.6
2.57
2.71
4.13
2.64
5.01
4.5
2.67
3.51
0.44
0.45
0.47
0.46
0.48
0.49

Unique values for column 'cut':
Ideal
Premium
Good
Very Good
Fair

Unique values for column 'color':
E
I
J
H
F
G
D

Unique values for column 'clarity':
SI2
SI1
VS1
VS2
VVS2
VVS1
I1
IF

Unique values for column 'depth':
61.5
59.8
56.9
62.4
63.3
62.8
62.3
61.9
65.1
59.4
64.0
60.4
62.2
60.2
60.9
62.0
63.4
63.8
62.7
61.0
58.1
62.5
60.5
60.0
60.7
59.5
58.2
64.1
60.8
61.8
61.2
61.1
65.2
58.4
63.1
61.6
59.3
62.6
63.0
63.2
62.1
61.4
62.9
63.7
59.2
59.9
57.9
55.1
57.5
66.3
61.7
58.8
64.5
65.3
59.6
64.4
65.7
63.6
61.3
60.1
60.3
58.0
64.6
59.7
57.8
67.9
60.6
57.2
64.2
65.8
67.4
59.0
63.5
67.3
58.7
66.4
68.1
63.9
55.0
58.6
64.3
58.5
65.0
56.0
58.3
53.1
64.9
59.1
58.9
66.7
57.7
65.4
53.3
53.0
67.8
66.1
55.8
67.6
68.2
65.5
67.7
69.5
56.6
56.3
66.9
66.0
67.0
57.6
67.1
65.6
64.8
69.3
66.2
55.4
66.8
64.7
66.6
55.9
57.3
57.4
68.3
68.5
56.2
65.9
56.5
56.1
66.5
68.4
69.7
57.1
68.7
56.7
68.6
71.6
43.0
68.8
67.5
69.0
55.2
68.9
69.6
57.0
56.4
56.8
44.0
67.2
70.1
71.3
70.6
69.8
71.8
53.8
53.2
70.0
69.4
68.0
70.2
50.8
55.6
70.5
71.0
69.1
55.3
54.2
51.0
70.8
54.6
54.0
54.4
52.3
55.5
78.2
71.2
52.7
54.3
69.2
73.6
52.2
69.9
53.4
72.2
79.0
72.9
54.7

Unique values for column 'table':
55.0
61.0
65.0
58.0
57.0
56.0
54.0
62.0
59.0
63.0
60.0
55.3
69.0
53.0
64.0
56.4
60.5
67.0
52.0
55.8
66.0
70.0
68.0
54.4
57.1
53.6
54.8
54.2
54.9
56.7
53.9
57.8
54.1
55.1
51.0
58.1
56.9
56.5
53.7
60.7
56.2
56.6
56.1
56.3
57.2
57.5
60.9
59.8
62.3
60.1
55.9
50.1
62.2
54.5
55.7
53.4
54.7
58.8
59.4
62.5
54.3
60.6
55.2
58.6
49.0
50.0
54.6
62.6
57.7
56.8
57.9
60.3
55.6
59.5
57.4
62.4
60.4
53.3
60.2
60.8
58.5
57.6
43.0
59.9
63.5
57.3
61.4
58.3
55.4
58.2
53.5
59.7
55.5
58.7
53.8
59.1
53.2
59.3
61.1
51.6
95.0
61.2
59.2
58.4
53.1
52.8
44.0
61.3
61.9
61.8
59.6
61.5
58.9
64.3
62.8
71.0
52.4
63.3
61.7
64.2
73.0
65.4
63.4
62.1
79.0
76.0
61.6

Unique values for column 'price':
326
327
334
335
336
337
338
339
340
342
344
345
348
351
352
353
354
355
357
402
403
404
405
552
553
554
2757
2759
2760
2761
2762
2763
2764
2765
2766
2767
2768
2769
2770
2771
2772
2773
2774
2775
2776
2777
2778
2779
2780
2781
2782
2783
2784
2787
2788
2789
2790
2791
2792
2793
2794
2795
2796
2797
2798
2799
2800
2801
2802
2803
2804
2805
2806
2807
2808
2809
2810
2811
2812
555
556
2813
2814
2815
2816
2817
2818
2819
2820
2821
2822
2823
2824
2825
2826
2827
2828
2829
2830
2831
2832
2833
2834
2835
2836
2837
2838
2839
2840
2841
2842
2843
2844
2845
2846
2847
2848
2849
2850
2851
2852
2853
2854
2855
2856
557
2857
2858
2859
2860
2861
2862
2863
2864
2865
2866
2867
2868
2869
2870
2871
2872
2873
2874
2875
2876
2877
2878
2879
2880
2881
2882
2883
2884
2885
2886
2887
2888
2889
2890
2891
2892
2893
2894
2895
2896
2897
2898
2899
2900
2901
2902
2903
2904
2905
2906
2907
558
2908
2909
2910
2911
2912
2913
2914
2915
2916
2917
2918
2919
2920
2921
2922
2923
2924
2925
2926
2927
2928
2929
2930
2931
2932
2933
2934
2935
2936
2937
2938
2939
2940
2941
2942
2943
2944
2945
2946
2947
2948
2949
2950
2951
2952
2953
2954
2955
2956
2958
2959
2960
2961
2962
2963
2964
2965
2966
2967
559
560
561
2968
2969
2970
2971
2972
2973
2974
2975
2976
2977
2978
2979
2980
2981
2982
2984
2985
2986
2987
2988
2989
2990
2991
2992
2993
2994
2995
2996
2997
2998
2999
3000
3001
3002
3003
3004
3005
3006
3007
3008
3009
3010
3011
3012
3013
3014
3015
3016
3017
3018
3019
3020
3023
3024
3025
3026
3027
3028
3030
3031
3032
3033
3034
3035
3036
3037
3038
3039
3040
3041
3042
3043
3044
3045
3046
3047
3048
3049
3050
3051
3052
3053
3054
3055
3056
3057
3058
3059
3060
3061
3062
3063
3064
3065
3066
3067
3068
3070
3071
3072
3073
3074
3075
3077
3078
3079
3080
3081
3082
3083
3084
3085
3086
3087
3088
3089
3090
3091
3092
3093
3095
3096
3097
3098
3099
3101
3102
3103
3104
3105
3107
3108
3109
3110
3111
3112
3113
3114
3115
3116
3117
3118
3119
3120
3121
3122
3123
3124
3125
3126
3127
3128
3129
3130
3131
3133
3134
3135
3136
3137
3138
3139
3140
3141
3142
3143
3144
3145
3146
3148
3149
3150
3151
3152
3153
3154
3156
3157
3158
3159
3160
3161
3162
3163
3164
3165
3166
3167
3168
3169
3170
3171
3172
3173
3174
3175
3176
562
3177
3178
3179
3180
3181
3182
3183
3184
3185
3187
3188
3189
3190
3191
3192
3193
3194
3195
3196
3197
3198
3199
3200
3201
3203
3204
3205
3206
3207
3208
3209
3210
3211
3212
3213
3214
3215
3216
3217
3218
3219
3220
3222
3223
3224
3225
3226
3228
3229
3230
3231
3234
3235
3236
3237
3238
3239
3240
3241
3242
3243
3245
3246
563
564
565
3247
3248
3249
3250
3251
3252
3253
3254
3255
3256
3257
3258
3259
3260
3261
3262
3263
3264
3265
3266
3267
3268
3269
3270
3271
3272
3273
3274
3275
3276
3277
3278
3279
3280
3281
3282
3283
3284
3285
3286
3287
3288
3290
3291
3292
3293
3294
3295
3296
3297
3298
3299
3300
3301
3302
3303
3304
3306
3307
3308
3309
566
3310
3311
3312
3313
3314
3315
3316
3317
3318
3319
3321
3322
3323
3324
3325
3326
3327
3328
3329
3330
3332
3333
3334
3335
3336
3337
3338
3340
3342
3343
3344
3345
3346
3347
3348
3349
3350
3351
3352
3353
3354
3355
3356
3357
3358
3359
3360
3361
3362
3363
3364
3365
3366
3367
3368
3369
3370
3371
3372
3373
3374
3375
3376
3377
3378
3379
3380
3381
3382
406
407
408
567
568
3384
3385
3387
3388
3389
3390
3391
3392
3393
3394
3395
3396
3397
3398
3399
3400
3401
3402
3403
3404
3405
3406
3407
3408
3409
3410
3411
3412
3413
3414
3415
3416
3417
3418
3419
3420
3421
3422
3423
3424
3425
3427
3428
3429
3431
3432
3434
3435
3436
3437
3438
3439
3440
3441
3442
3443
3444
3445
3446
3447
3448
3449
3450
3451
3452
3453
3454
569
570
571
3455
3456
3457
3459
3460
3461
3462
3463
3464
3465
3466
3467
3468
3469
3470
3471
3472
3473
3475
3476
3477
3478
3479
3480
3481
3482
3483
3484
3485
3486
3487
3488
3489
3492
3493
3494
3495
3496
3497
3498
3499
3500
3501
3502
3503
3504
3505
3506
3507
3508
3509
3510
3511
3512
3513
3514
3515
3516
3517
3518
3519
3520
3521
3522
3524
3525
3526
3527
3528
3529
3530
3531
3532
3533
3534
3535
3536
3537
3538
3539
3540
3541
3542
3543
3544
3545
3546
3547
3548
3549
3550
3551
3552
3553
3554
3555
3556
3557
3558
3559
3560
3561
3562
3563
3564
3565
3566
3567
3568
3569
3570
3572
3573
3574
3575
3576
3577
3578
3579
3580
3581
3582
3583
3584
3585
3586
3587
3588
3589
3590
3591
3592
3593
3594
3595
3596
3597
3599
3601
3602
3603
3604
3605
3606
3607
3609
3610
3611
3612
3613
3614
3615
3616
3617
3618
3619
3620
3621
3622
3623
3624
3625
3626
3627
3628
3629
3630
3631
3632
3633
3634
3635
3638
3639
3640
3641
3642
3643
3644
3646
3647
3648
3649
3650
3651
3652
3653
3655
3656
3658
3659
3660
3662
3663
3664
3665
3666
3667
3668
3669
3670
3671
3672
3673
3674
3675
3676
3677
3678
3679
572
573
3680
3681
3682
3683
3684
3685
3686
3688
3689
3690
3691
3692
3694
3696
3697
3699
3700
3701
3702
3703
3704
3705
3706
3707
3708
3709
3710
3711
3712
3713
3714
3715
3716
3717
3718
3719
3720
3721
3722
3723
3724
3725
3726
3729
3730
3731
3732
3733
3734
3735
3736
3737
3738
3739
3740
3741
3742
3743
3744
3745
3746
3747
3748
3749
3750
574
3751
3752
3754
3755
3756
3758
3759
3760
3761
3762
3763
3764
3765
3766
3767
3768
3769
3770
3771
3772
3773
3774
3775
3776
3777
3779
3780
3781
3782
3783
3784
3785
3786
3787
3788
3789
3790
3791
3792
3793
3794
3795
3796
3797
3798
3799
3800
3801
3802
3803
3804
3805
3806
3807
3808
3809
3810
3811
3812
3813
3816
3817
3818
3819
3820
3821
3822
3823
3824
3825
3826
3827
3828
3829
3830
3831
3832
3833
3835
3836
3837
3838
3839
3840
3841
3842
3843
3844
3845
3846
3847
3848
3849
3850
3852
3853
3854
3855
3856
3857
3858
3859
3860
3861
3862
3863
3864
3866
3867
3868
3869
3871
3872
3873
3874
3875
3876
3877
3878
3879
3880
3881
3882
3883
3884
3885
3886
3887
3888
3889
575
3890
3891
3892
3893
3894
3895
3896
3897
3898
3899
3900
3901
3902
3903
3904
3905
3906
3907
3908
3909
3910
3911
3913
3914
3915
3916
3917
3918
3919
3920
3921
3922
3923
3924
3925
3926
3927
3928
3929
3930
3931
3932
3933
3935
3936
3937
3938
3940
3941
3942
3943
3944
3945
3946
3947
3948
3949
3950
3951
3952
3953
3954
3955
3956
3957
3958
3959
3960
3961
3962
3963
3964
3965
576
3966
3967
3968
3971
3972
3973
3974
3975
3976
3977
3978
3979
3980
3981
3982
3983
3984
3985
3986
3987
3988
3989
3990
3991
3992
3993
3994
3996
3997
3998
3999
4000
4001
4002
4003
4004
4005
4006
4007
4008
4009
4010
4011
4012
4013
4014
4015
4016
4017
4018
4020
4021
4022
4023
4024
4025
4026
4027
4028
4029
4030
4031
4032
4033
4034
4035
4036
4037
4038
4039
4040
4041
4042
4043
4044
4045
4046
4047
4048
4049
4050
4051
4052
4053
4054
4056
4057
4058
4059
4060
4061
4062
4063
4064
4065
4066
4067
4068
4070
4071
4072
4073
4074
4075
4077
4078
4079
4080
4081
4082
4083
4084
4086
4087
4088
4089
4090
4091
4092
4093
4094
4095
4096
4098
4099
4101
4102
409
410
411
412
413
577
578
579
4103
4105
4106
4107
4108
4109
4111
4112
4113
4114
4115
4116
4117
4118
4119
4120
4121
4123
4124
4125
4126
4127
4128
4129
4130
4131
4132
4133
4134
4135
4136
4137
4138
4139
4140
4141
4142
4143
4144
4145
4146
4147
4149
4150
4151
4152
4153
4154
4155
4156
4157
4158
4159
4160
4161
4162
4163
4164
4165
4166
4167
4168
4170
4171
4172
4173
4174
4175
4176
4177
4178
4179
4180
4181
4182
4183
4184
4185
4186
4187
4188
4189
4190
4191
4192
4193
4194
4195
4196
4197
4198
4199
4200
4201
4202
4203
4204
4205
4206
4207
4208
4209
4210
4211
4212
4213
4214
4215
4216
4217
4218
4220
4221
4222
4223
4224
4225
4226
4227
4228
4229
4230
4231
4232
4233
4234
4235
4237
4238
4239
4240
4241
4242
4243
4244
4246
4247
4248
4249
4250
4252
4253
4254
4255
4256
4257
4258
4259
4260
4262
4263
4264
4265
4266
4267
4268
4269
4270
4271
4273
4274
4275
4276
4277
4278
580
581
4279
4280
4281
4282
4283
4284
4285
4286
4287
4288
4289
4290
4291
4292
4293
4294
4295
4296
4297
4298
4299
4301
4302
4303
4304
4305
4306
4307
4308
4309
4310
4311
4312
4313
4314
4315
4316
4317
4318
4319
4320
4321
4322
4323
4324
4325
4326
4327
4328
4329
4330
4331
4332
4333
4334
4336
582
583
4337
4338
4339
4340
4341
4344
4345
4346
4347
4348
4349
4350
4351
4352
4353
4354
4355
4356
4357
4358
4360
4361
4362
4363
4364
4365
4366
4368
4369
4370
4371
4372
4373
4374
4375
4377
4378
4379
4380
4381
4382
4383
4384
4385
4386
4387
4388
4389
4390
4391
4392
4394
4395
4397
4398
4399
4400
584
585
4401
4402
4403
4404
4405
4406
4407
4408
4409
4410
4412
4413
4414
4415
4416
4417
4418
4419
4420
4421
4422
4423
4424
4425
4426
4427
4428
4429
4430
4432
4434
4435
4436
4437
4438
4439
4440
4441
4442
4443
4444
4445
4446
4447
4448
4449
4451
4452
4453
4454
4455
4456
4457
4458
4459
4460
586
4461
4462
4463
4464
4465
4466
4467
4468
4469
4470
4471
4472
4473
4474
4475
4476
4477
4478
4479
4480
4481
4482
4483
4484
4485
4486
4487
4488
4489
4490
4491
4492
4493
4494
4495
4496
4497
4498
4499
4500
4501
4502
4503
4504
4505
4506
4507
4508
4509
4510
4511
4512
4513
4514
4515
4516
587
588
589
4517
4518
4519
4520
4521
4522
4523
4524
4525
4527
4528
4529
4530
4531
4532
4533
4534
4535
4536
4537
4538
4539
4540
4541
4542
4543
4544
4545
4546
4547
4548
4549
4550
4551
4552
4553
4554
4555
4556
4557
4558
4559
4560
4561
4562
4563
4564
4565
4566
4568
4569
4570
4571
4572
4573
4574
4575
4576
4578
4579
4580
4581
4582
4583
4584
4585
4586
4587
4588
4590
4591
4592
4593
4594
4595
4596
4597
4598
4600
4601
4602
4603
4604
4605
4606
4607
4608
4609
4610
4611
4612
4613
4615
4616
4617
4618
4619
4620
4621
4622
4623
4624
4625
4626
4627
4628
4629
4630
4631
4632
4633
4634
4635
4636
4637
4638
4639
4640
4641
4642
4643
4644
4645
4646
4647
4648
4649
4650
4652
590
4653
4654
4655
4656
4657
4659
4660
4661
4662
4663
4664
4665
4666
4667
4668
4669
4670
4671
4672
4673
4674
4675
4676
4677
4678
4679
4680
4681
4682
4683
4684
4685
4686
4687
4688
4689
4690
4691
4692
4693
4694
4695
4696
4697
4698
4699
4700
4701
4702
4703
4704
4705
4706
4707
4708
4709
414
415
416
417
418
591
592
4710
4711
4712
4713
4714
4715
4716
4717
4718
4719
4720
4721
4722
4723
4724
4725
4726
4727
4728
4729
4730
4731
4732
4733
4735
4737
4738
4739
4740
4741
4742
4743
4744
4745
4746
4748
4749
4750
4751
4752
4753
4754
4755
4756
4757
4758
4759
4760
4761
4762
4763
4764
4765
4766
4767
4768
4769
4770
4771
4772
4773
4774
4775
4776
4777
4778
593
4779
4780
4781
4782
4783
4784
4785
4786
4787
4788
4789
4790
4791
4793
4794
4795
4796
4797
4798
4799
4800
4801
4802
4803
4804
4805
4807
4808
4809
4810
4811
4812
4813
4814
4815
4816
4817
4818
4819
4820
4821
4823
4824
4825
4826
4827
4828
4829
4830
4831
4832
4833
4834
4836
4837
4838
4839
4840
4841
4842
4843
4844
4845
4846
4847
4848
4849
594
4850
4851
4852
4853
4854
4855
4856
4857
4858
4859
4860
4861
4862
4863
4864
4865
4866
4867
4868
4869
4870
4871
4872
4873
4874
4875
4876
4877
4878
4879
4880
4882
4883
4884
4885
4886
4887
4889
4890
4891
4892
4893
4895
4896
4897
4898
4899
4900
4901
4902
4903
4904
4905
4906
4907
4909
4911
4912
4913
4914
4915
4916
4917
4918
4919
4920
4921
595
596
4922
4924
4925
4926
4927
4928
4929
4930
4931
4932
4933
4935
4936
4937
4938
4939
4940
4941
4942
4943
4944
4946
4948
4949
4950
4951
4953
4954
4955
4956
4957
4958
4959
4960
4961
4962
4963
4964
4965
4966
4967
4968
4969
4970
4971
4972
4973
4974
4975
4976
4977
4978
4979
4980
4981
4983
4984
4985
4986
4987
4988
4989
4990
4991
4992
4993
4994
4995
4996
4997
4998
4999
5000
5001
5002
5003
5004
5005
5006
5007
5008
5009
5010
5012
5013
5014
5015
5016
5017
5018
5019
5020
5021
5022
5023
5024
5025
5026
5027
5028
5029
5030
5031
5032
5033
5034
5035
5036
5037
5038
5039
5040
5041
5042
5043
5044
5045
5046
5047
5048
5049
5050
5051
5052
5053
5054
5055
5056
5057
5058
5060
5061
5062
5063
5065
5067
5068
5069
5070
5071
5072
5073
5074
5075
5076
5077
5078
5079
5080
5081
5082
5083
5084
5085
5086
5087
5088
5089
5090
5091
5092
5093
5094
5095
5096
5098
5099
5100
5101
5102
5103
5104
5105
5106
5107
5108
5110
5111
5112
5113
5114
5115
5116
5119
5120
5121
5122
5123
5124
5125
5126
5127
5128
5129
5131
5132
5133
5134
5135
5136
5137
5138
5139
5140
5141
5142
5143
5144
5145
5146
5147
5148
5149
5151
5152
5154
597
5155
5156
5157
5158
5159
5160
5161
5163
5164
5165
5166
5167
5168
5169
5170
5171
5172
5173
5174
5175
5176
5177
5178
5179
5181
5182
5183
5184
5185
5186
5187
5188
5189
5190
5191
5192
5193
5194
5195
5196
5197
5198
5199
5200
5201
5202
5203
5204
5205
5206
5207
5208
5209
5210
5211
5212
5214
5215
5216
5217
5218
5219
5220
5221
5222
5223
5224
5225
5226
5227
5228
5229
5231
598
5232
5233
5234
5235
5236
5237
5238
5239
5240
5241
5242
5243
5245
5246
5247
5248
5249
5250
5251
5252
5253
5254
5255
5256
5257
5258
5259
5260
5261
5262
5263
5264
5265
5266
5267
5268
5269
5270
5271
5272
5273
5274
5275
5276
5277
5278
5279
5280
5281
5282
5283
5284
5285
5286
5287
5288
5290
5291
5292
5293
5294
5296
5297
5299
5300
5301
5302
5303
5304
5305
5306
5308
5309
5310
5311
599
600
5312
5313
5314
5315
5316
5317
5318
5319
5320
5321
5322
5323
5324
5325
5326
5327
5328
5329
5330
5331
5332
5334
5335
5337
5338
5339
5340
5341
5342
5344
5345
5346
5347
5350
5351
5352
5353
5354
5355
5356
5357
5358
5359
5361
5362
5363
5364
5366
5367
5368
5369
5370
5371
5372
5373
5374
5375
5376
5378
5379
5381
5382
5383
5384
5385
5386
5387
5388
5390
5392
5393
5394
5395
5396
5397
5398
5400
5401
5402
5404
5405
5406
5407
5408
601
5410
5411
5412
5413
5415
5416
5418
5419
5420
5421
5422
5423
5424
5426
5427
5428
5429
5430
5431
5432
5433
5434
5435
5436
5437
5438
5439
5442
5443
5444
5445
5446
5447
5449
5450
5451
5452
5453
5454
5455
5456
5457
5458
5459
5460
5461
5463
5464
5465
5466
5468
5469
5470
5473
5474
5475
5476
5477
5478
5479
5480
5481
5483
5484
5485
5486
5487
5488
5489
5490
5491
5492
5493
5494
5495
5496
5497
5498
5499
5500
5501
5502
5504
5505
5506
5508
419
420
602
603
5509
5510
5511
5513
5514
5515
5516
5517
5518
5519
5520
5521
5522
5523
5524
5525
5526
5527
5528
5529
5530
5531
5532
5533
5534
5535
5536
5537
5538
5539
5540
5541
5542
5543
5544
5545
5546
5547
5548
5549
5550
5551
5553
5554
5555
5556
5557
5558
5559
5560
5561
5562
5564
5565
5567
5569
5570
5571
5572
5573
5574
5575
5576
5577
5578
5579
5580
5581
5582
5583
5584
5585
5586
5587
5588
5589
5590
5592
5593
5595
5596
5597
5598
5599
5600
5601
5602
604
5604
5605
5606
5607
5608
5609
5610
5611
5612
5613
5614
5615
5616
5617
5618
5619
5620
5621
5622
5623
5624
5625
5626
5627
5628
5629
5630
5631
5632
5633
5634
5635
5636
5637
5638
5639
5640
5641
5642
5643
5644
5645
5646
5647
5648
5649
5650
5651
5652
5653
5654
5655
5656
5657
5659
5661
5662
5663
5664
5665
5666
5667
5668
5669
5670
5671
5672
5673
5674
5675
5676
5677
5678
5679
5681
5682
5683
5684
5686
5687
5688
5689
5690
5692
5694
5695
5696
5697
5698
5699
5700
5701
5702
5703
5704
5706
5707
605
5708
5709
5710
5712
5713
5714
5715
5717
5718
5719
5720
5721
5722
5723
5724
5725
5726
5728
5729
5731
5732
5733
5736
5738
5739
5740
5741
5743
5744
5745
5746
5747
5748
5749
5750
5751
5752
5754
5755
5756
5757
5758
5759
5760
5761
5762
5763
5764
5765
5766
5767
5768
5769
5770
5771
5773
5774
5775
5777
5778
5779
5780
5781
5783
5784
5785
5786
5787
5788
5789
5791
5792
5793
5794
5795
5796
5797
5798
5799
5800
5801
5802
5803
5804
5805
5806
5807
5808
5809
5810
5812
5813
5814
5815
5816
5817
5818
5819
5820
5821
5822
5823
5824
5825
5826
5828
5829
5831
5832
5833
5834
5836
5837
5838
5839
5840
5841
5842
5844
5845
5846
5849
5850
5851
5852
5853
5854
5855
5856
5857
5858
5859
5860
5861
5862
5863
5864
5865
5866
5867
5868
5869
5871
5872
5876
5877
5878
5879
5880
5882
5883
5884
5885
5886
5887
5888
5889
5890
5891
5892
5893
5894
5897
5898
5899
5902
5904
5906
5907
5908
5909
5910
5911
5912
5913
5914
5915
5916
5917
5918
5919
5920
5921
5922
5923
5924
5925
5926
5927
5929
5930
5931
5932
5935
5936
5937
5938
5939
5940
5941
5942
5943
5944
5946
5947
5948
5949
5950
5951
5952
5953
5954
5955
5956
5958
5960
5962
5963
5964
5966
5967
5969
5972
5973
5974
5975
5976
5977
5978
5979
5980
5982
5983
5984
5985
5986
5987
5988
5989
5991
5992
5993
5994
5995
5996
5997
5998
5999
6000
6001
6002
6004
6005
6006
6007
6010
6012
6013
6015
6017
6018
6019
6020
6021
6022
6023
6024
6025
6026
6027
6028
6030
6031
6032
6033
6036
6037
6038
6039
6040
6041
6042
6043
6044
6045
6046
6047
6048
6049
6050
6052
6053
6055
6056
6058
6059
6060
6061
6062
6063
6064
6065
6066
6068
6069
6070
6071
6072
6073
6075
6076
6077
6078
6079
6080
6081
6082
6083
6084
6085
6086
6087
6088
6089
6090
6091
6092
6093
6094
6095
6096
6097
6098
6099
6100
6101
6103
6104
6105
6106
6108
6109
6110
6111
6112
6113
6114
6115
6116
6118
6120
6121
6122
6123
6124
6125
6126
6127
6128
6129
6130
6132
6133
6134
6135
6137
6138
6139
6140
6141
6143
6144
6145
6146
6147
6148
6149
6150
6151
6152
6153
6154
6156
6157
6158
6159
6160
6162
6163
6164
6165
606
607
6166
6167
6168
6169
6171
6172
6173
6174
6175
6176
6177
6178
6180
6181
6182
6183
6184
6186
6187
6188
6189
6190
6191
6192
6194
6195
6196
6198
6199
6200
6201
6202
6203
6204
6206
6207
6208
6209
6210
6212
6213
6214
6215
6216
6217
6218
6220
6221
6222
6223
6224
6225
6229
6230
6232
6233
6235
6236
6237
6238
6239
6240
6241
6244
6245
6246
6247
6248
6249
6250
6252
6254
6255
6256
6257
6259
6260
6261
6262
6263
6264
6265
6266
6267
6268
6270
6271
6272
6274
6275
6277
6278
6279
6281
6282
6283
6284
6285
6286
6288
6289
6290
608
6291
6292
6294
6295
6296
6299
6300
6301
6302
6303
6304
6306
6307
6308
6309
6310
6311
6313
6315
6316
6317
6318
6319
6320
6321
6322
6323
6324
6325
6326
6327
6328
6330
6332
6333
6334
6335
6336
6337
6338
6339
6340
6342
6343
6344
6346
6347
6349
6350
6351
6352
6353
6354
6355
6356
6357
6359
6360
6361
6362
6363
6364
6366
6367
6368
6369
6371
6372
6373
6375
6377
6378
6379
6380
6381
6382
6383
6384
6386
6387
6388
6389
6390
6391
6393
6394
6396
6397
6398
6399
6400
6401
6403
6405
6406
6407
6409
6410
6411
6412
6415
6416
6418
6419
6421
6423
6424
6425
6426
6429
6430
6431
6432
6435
6436
6437
6438
6439
6440
6441
6442
6443
6444
6445
6446
6447
6448
6449
6450
6451
6453
6455
6456
6458
6459
6460
6462
6463
6464
6465
6466
6467
6468
6469
6470
6471
6472
6473
6474
6476
6477
6478
6479
6480
6482
6483
6484
6485
6486
6487
6488
6492
6494
6495
6497
6499
6500
6501
6502
6503
6504
6505
6509
6511
6512
6513
6516
6517
6518
6520
6521
6522
6523
6525
6526
6527
6529
6530
6531
6532
6533
6534
6535
6537
6539
6540
609
6541
6542
6543
6544
6545
6546
6547
6548
6549
6552
6554
6557
6558
6559
6560
6561
6562
6563
6564
6565
6566
6568
6569
6570
6573
6577
6578
6579
6580
6581
6582
6583
6586
6587
6588
6589
6591
6592
6593
6595
6596
6597
6598
6600
6602
6603
6604
6606
6607
6608
6609
6610
6611
6612
6613
6614
6616
6617
6618
6619
6620
6621
6622
6623
6625
6626
6627
6628
6629
6630
6632
6633
6635
6636
6638
6639
6640
6642
6643
6644
6645
6646
6648
6649
6651
6652
6653
6654
6656
6657
6659
6660
6661
6662
6663
6664
6665
6666
421
610
611
612
6667
6668
6669
6670
6671
6672
6673
6674
6675
6676
6677
6678
6679
6680
6681
6682
6683
6684
6685
6686
6687
6689
6691
6692
6694
6695
6697
6698
6699
6701
6702
6703
6704
6706
6707
6708
6709
6710
6712
6713
6714
6715
6716
6717
6719
6720
6722
6726
6727
6728
6729
6730
6731
6732
6733
6734
6736
6737
6738
6740
6741
6742
6743
6745
6746
6748
6749
6750
6751
6752
6753
6754
6755
6756
6757
6758
6759
6760
6762
6763
6765
6766
6768
6769
6770
6771
6772
6773
6774
6776
6777
6779
6780
6781
6782
6783
6784
6785
6786
6787
6788
6789
6790
6791
6793
6794
6795
6796
6797
6798
6800
6801
6803
6804
6805
6806
6807
6808
6809
6810
6811
6813
6814
6816
6817
6818
6819
6821
6822
6823
6825
6826
6827
6828
6830
6831
6833
6834
6837
6838
6840
6841
6843
6844
6846
6847
6848
6849
6850
6851
6852
6853
6854
6855
6856
6857
6858
6859
6860
6861
6863
6864
6865
6867
6868
6870
6871
6872
6873
6874
6875
6876
6877
6881
6882
6883
6884
6885
6887
6888
6889
6890
6891
6892
6894
6895
6896
6897
6899
6900
6901
6902
6903
6904
6905
6906
6907
6908
6909
6910
6911
6912
6913
6914
6915
6917
6918
6921
6922
6923
6925
6926
6927
6928
6929
6930
6931
6932
6933
6934
6935
6936
6937
6939
6942
6944
6945
6946
6947
6951
6953
6954
6955
6956
6957
6958
6960
6961
6962
6963
6964
6965
6966
6968
6969
6970
6971
6972
6973
6974
6975
6976
6979
6980
6981
6982
6984
6985
6987
6988
6989
6990
6994
6996
6997
6998
6999
7000
7001
7002
7003
7005
7006
7007
7010
7013
7014
7015
7016
7017
7018
7019
7021
7022
7023
7024
7025
7026
7027
7028
7031
7032
7034
7035
7036
7037
7038
7039
7040
7041
7042
7044
7047
7049
7050
7051
7054
7055
7056
7058
7059
7062
7063
7064
7066
7068
7069
7070
7072
7074
7075
7076
7077
7078
7079
7080
7081
7083
7084
7085
7086
7087
7088
7089
7090
7091
7092
7093
7094
7096
7098
7099
7100
7101
7102
7103
7104
7105
7106
7107
7108
7109
7110
7111
7113
7114
7115
7117
7118
7119
7120
7122
7123
7125
7126
7127
7128
7129
7130
7131
7132
7133
7134
7135
7136
7137
613
614
7139
7140
7141
7142
7143
7144
7145
7146
7147
7148
7149
7150
7151
7152
7153
7154
7155
7157
7159
7160
7161
7162
7163
7164
7167
7168
7171
7173
7174
7175
7176
7177
7178
7179
7181
7182
7186
7187
7188
7189
7190
7191
7192
7193
7195
7196
7197
7198
7199
7200
7201
7203
7204
7207
7208
7209
7210
7211
7213
7214
7215
7216
7217
7218
7219
7220
7222
7223
7225
7226
7227
7229
7230
7231
7232
7233
7234
7235
7236
7238
7239
7240
7242
7243
7244
7245
7246
7247
7250
7251
7253
7255
7256
7257
7258
7260
7262
7266
7267
7270
7272
7273
7274
7275
7276
7277
7278
7279
7280
7281
7282
7283
7284
7286
7287
7288
7289
7290
7291
7292
615
616
7293
7294
7295
7296
7297
7299
7300
7302
7303
7304
7305
7306
7308
7310
7311
7312
7313
7314
7316
7318
7319
7320
7321
7324
7325
7326
7328
7329
7332
7333
7334
7335
7336
7338
7339
7340
7341
7343
7345
7346
7347
7349
7350
7351
7352
7353
7354
7355
7356
7357
7358
7359
7362
7364
7365
7366
7367
7368
7369
7370
7371
7372
7373
7375
7378
7380
7384
7385
7387
7388
7389
7391
7392
7393
7395
7397
7399
7400
7402
7403
7404
7405
7406
7408
7409
7411
7412
7413
7414
7415
7416
7418
7419
7420
7421
7422
7423
7424
7426
7428
7429
7430
7431
7432
7433
7434
7437
7438
7439
7440
7441
7443
7445
7448
7450
7451
7452
7453
7454
7455
7457
7458
7459
7463
7464
7465
7466
7467
7468
7469
7472
617
618
619
7473
7475
7476
7477
7479
7480
7481
7483
7484
7485
7486
7487
7491
7492
7493
7494
7495
7496
7498
7500
7501
7502
7503
7504
7506
7507
7508
7509
7511
7512
7513
7515
7518
7519
7520
7521
7522
7523
7525
7526
7527
7528
7532
7533
7534
7535
7536
7539
7540
7541
7544
7546
7548
7549
7550
7551
7553
7554
7555
7556
7557
7559
7560
7562
7563
7564
7565
7567
7568
7569
7571
7572
7573
7574
7575
7577
7579
7580
7582
7583
7584
7585
7587
7588
7589
7592
7593
7594
7597
7598
7600
7602
7603
7604
7607
7608
7609
7610
7611
7613
7614
7616
7617
7619
7621
7623
7625
7627
7629
7630
7631
7632
7633
7634
7635
7636
7637
7638
7639
7640
7641
7643
7644
620
7646
7648
7650
7651
7652
7653
7654
7655
7656
7657
7658
7659
7660
7661
7662
7664
7665
7666
7667
7670
7672
7673
7676
7677
7678
7679
7680
7682
7683
7685
7687
7688
7691
7692
7693
7695
7696
7697
7699
7701
7702
7703
7706
7707
7708
7710
7711
7713
7714
7715
7716
7717
7718
7720
7721
7722
7723
7724
7725
7726
7727
7728
7729
7730
7731
7732
7733
7737
7738
7739
7740
7741
7742
7743
7744
7745
7746
7747
7748
7750
7751
7752
7754
7755
7756
7757
7758
7759
7760
7761
7762
7763
7764
7766
7767
7768
7769
7771
7773
7774
7775
7776
7777
7778
7779
7780
7781
7783
7785
7786
7787
7788
7789
7790
7792
7794
7795
7796
7797
7799
7800
7802
7803
7805
7806
7808
7809
7810
7811
7812
7813
7814
7815
7816
7817
7819
7820
7821
7822
7823
7824
7826
7827
7828
7832
7834
7835
621
622
7836
7839
7840
7841
7844
7845
7847
7848
7849
7850
7852
7854
7855
7858
7859
7861
7862
7863
7864
7865
7866
7869
7870
7875
7876
7877
7879
7880
7881
7882
7885
7887
7888
7889
7891
7893
7897
7898
7899
7900
7903
7904
7906
7909
7910
7911
7912
7915
7916
7917
7918
7919
7920
7922
7923
7924
7925
7927
7928
7929
7930
7931
7932
7933
7934
7936
7937
7938
7939
7941
7942
7943
7945
7946
7948
7949
7950
7951
7953
7954
7955
7956
7957
7959
7960
7961
7962
7963
7964
7965
7966
7968
7969
7970
7971
7972
7974
7975
7976
7978
7979
7980
7982
7983
7985
7986
7987
7988
7989
7990
7991
7992
7996
7999
8000
8001
8002
8003
8004
8005
8006
8008
8010
8011
8012
8013
8014
8015
8016
8017
8018
8019
8020
8021
8022
8024
8025
8029
8030
8032
8033
8034
8035
8036
8037
8038
8039
8040
8042
8043
8044
8048
8049
8050
8051
8055
8056
8057
8058
8060
8061
8062
8063
8064
8065
8067
8069
8072
8073
8074
8075
8076
8077
8079
8080
8081
8085
8088
8089
8090
8092
8093
8094
8095
8096
8097
8098
8099
8100
8101
8102
8104
8106
8107
8108
8109
8110
8112
8113
8114
8115
8118
8119
8120
8121
8124
8127
8128
8129
8131
8133
8134
8135
8138
8139
8144
8145
8146
8148
8149
8150
8151
8154
8157
8158
8161
8162
8163
8164
8165
8167
8168
8169
8170
8172
8173
8174
8176
8177
8181
8183
8184
8185
8189
8190
8192
8193
8194
8196
8201
8202
8203
8204
8205
8207
8210
8212
8213
8214
8216
8217
8219
8220
8221
8223
8224
8225
8226
8227
8228
8231
8232
8233
8235
8237
8238
8239
8242
8243
8244
8245
8246
8248
8251
8252
8253
8254
8256
8257
8258
8260
8261
8263
8264
8265
8266
8268
8270
8271
8275
8276
8279
8280
8281
8282
8283
8284
8285
623
624
625
8286
8287
8288
8289
8291
8293
8294
8295
8296
8298
8299
8301
8303
8305
8311
8312
8313
8314
8315
8316
8317
8319
8321
8324
8325
8329
8330
8333
8334
8339
8340
8341
8342
8344
8346
8347
8348
8349
8353
8355
8357
8358
8359
8361
8362
8363
8364
8365
8366
8370
8371
8372
8373
8374
8375
8377
8380
8381
8385
8387
8388
8391
8392
8393
8394
8396
8397
8398
8400
8401
8402
8403
8404
8405
8408
8411
8413
8414
8415
8416
8417
8418
8419
8421
8422
8424
8426
8427
8429
8430
8431
8436
8437
8438
8441
8442
8444
8445
8446
8448
8449
8451
8452
8454
8455
8456
8457
8458
8462
8463
8464
8465
8467
8469
8470
8471
8475
8476
8477
8479
8480
8481
8483
8485
8486
8487
8488
8489
8490
8491
8492
8496
8498
8499
8501
8504
8505
8508
8509
8511
8512
8513
8515
8517
8518
8520
8521
8523
8524
8525
8526
8527
8528
8529
8530
8532
8533
8537
8538
8540
8541
8543
8545
8546
8548
8549
8550
8552
8553
8555
8556
8557
8558
8561
8562
8563
8564
8566
8567
8568
8569
8572
8574
8575
8576
8577
8579
8580
8581
8582
8583
8584
8585
8587
8588
8590
8592
8593
8595
8596
8597
8598
8599
8602
8603
8608
8610
8611
8612
8614
8616
8617
8619
8620
8621
8622
8623
8624
8626
8627
8629
8630
8631
8633
8637
8638
8639
8640
8643
8644
8645
8646
8647
8648
8649
8650
8652
8653
8654
8655
8656
8658
8660
8662
8663
8666
8668
8669
8672
8674
8676
8678
8679
8680
8681
8683
8684
8685
8686
8687
8688
8689
8690
8691
8693
8694
8698
8699
8701
8702
8703
8705
8706
8707
8709
8710
8711
8712
8714
8716
8718
8719
8720
8721
8722
8724
8726
8728
8730
8731
8732
8733
8735
8736
8737
8739
8740
8741
8742
8743
8745
8747
8748
8749
8750
8752
8753
8758
8759
8760
8763
8764
8767
8768
8769
8770
8771
8772
8773
8774
8775
8776
8777
8778
8779
8780
8782
8783
8785
8788
8789
8791
8793
8794
8795
8796
8797
8799
8800
8803
8806
8807
8808
8809
8810
8811
8812
8813
8814
8815
8816
8818
8820
8823
8824
8825
8827
8828
8829
8830
8831
8835
8836
8840
8842
8843
8846
8847
8848
8849
8850
8851
8852
8854
8855
8856
8858
8860
8861
8863
8864
8865
8866
8868
8869
8870
8873
8874
8877
8879
8886
8887
8888
8889
8891
8893
8895
8896
8897
8900
8901
8902
8903
8904
8905
8907
8910
8911
8912
8915
8916
8917
8918
8919
8920
8921
8922
8923
8924
8925
8927
8928
8929
8930
8931
8932
8936
8938
8940
8941
8943
8946
8947
8949
8950
8951
8952
8953
8954
8955
8956
8957
8958
8959
8960
8962
8964
8969
8970
8971
8972
8973
8974
8975
8976
8977
8978
8979
8981
8982
8983
8985
8988
8989
8990
8991
8994
8995
8996
8997
8998
8999
9000
9001
9002
9003
9005
9007
9009
9012
9013
9014
9016
9017
9022
9023
9025
9026
9027
9028
9030
9032
9033
9034
9035
9036
9037
9038
9039
9040
9041
9043
9044
9045
9046
9049
9050
9051
9053
9055
9057
9058
9060
9063
9065
9067
9068
9069
9070
9071
9072
9073
9074
9075
9076
9077
9078
9081
9082
9085
9086
9088
9089
9090
9092
9094
9095
9100
9103
9104
9105
9106
9107
9108
9110
9111
9115
9116
9117
9118
9119
9120
9122
9123
9124
9126
9127
9129
9131
9132
9133
9137
9138
9139
9140
9141
9144
9146
9148
9150
9155
9157
9158
9160
9165
9166
9167
9168
9169
9170
9171
9173
9176
9177
9178
9182
9183
9185
9188
9189
9193
9199
9201
9203
9205
9207
9208
9209
9212
9214
9215
9216
9218
9224
9225
9229
9230
9231
9232
9233
9234
9235
9236
9237
9240
9242
9243
9245
9246
9248
9251
9252
9253
9254
9256
9257
9258
9259
9260
9261
9262
9263
9265
9266
9271
9273
9274
9275
9276
9278
9279
9281
9282
9283
9285
9286
9287
9289
9290
9292
9293
9294
9295
9296
9297
9298
9299
9301
9302
9304
9306
9310
9314
9315
9316
9317
9319
9322
9323
9324
9326
9328
9330
9331
9332
9333
9334
9335
9336
9337
9339
9341
9342
9343
9344
9346
9347
9348
9352
9354
9355
9358
9359
9361
9362
9366
9368
9370
9371
9372
9373
9374
9376
9377
9380
9383
9384
9385
9386
9389
9391
9394
9397
9399
9401
9403
9404
9405
9407
9408
9411
9412
9413
9414
9416
9417
9419
9424
9425
9428
9431
9432
9433
9435
9439
9440
9442
9443
9444
9447
9448
9449
9450
9451
9452
9457
9460
9461
9462
9463
9464
9465
9467
9468
9471
9474
9475
9476
9478
9479
9482
9483
9484
9486
9487
9489
9492
9494
9495
9498
9502
9503
9504
9505
626
9507
9510
9511
9513
9515
9516
9519
9521
9523
9524
9525
9526
9527
9529
9530
9532
9533
9537
9539
9540
9541
9542
9545
9547
9548
9549
9550
9551
9552
9555
9556
9557
9561
9562
9565
9568
9569
9570
9571
9572
9573
9574
9576
9580
9581
9586
9587
9590
9593
9596
9598
9600
9604
9607
9609
9610
9611
9612
9618
9620
9621
9624
9625
9627
9630
9632
9633
9634
9636
9640
9641
9642
9645
9647
9648
9650
9651
9653
9656
9658
9659
9660
9663
9664
9665
9667
9668
9669
9674
9677
9678
9680
9681
9682
9683
9691
9693
9694
9697
9698
9699
9700
9702
9703
9704
9705
9706
9707
9709
9710
9711
9712
9714
9715
9716
9718
9720
9724
9725
9727
9728
9729
9730
9731
9734
9735
9738
9740
9741
9744
9745
9747
9752
9756
9757
9759
9760
9761
9762
9763
9768
9769
9770
9774
9775
9777
9779
9780
9781
9783
9784
9785
9786
9788
627
628
9789
9791
9792
9793
9794
9796
9797
9798
9799
9801
9802
9803
9804
9808
9810
9813
9814
9815
9817
9818
9819
9820
9821
9823
9827
9828
9831
9833
9836
9837
9841
9843
9845
9846
9847
9850
9853
9856
9857
9858
9863
9864
9867
9870
9872
9873
9874
9875
9876
9877
9878
9880
9881
9882
9885
9886
9890
9891
9892
9894
9895
9896
9897
9898
9900
9901
9904
9905
9907
9908
9909
9912
9916
9918
9920
9921
9925
9926
9930
9931
9932
9933
9934
9935
9936
9939
9942
9946
9948
9952
9954
9955
9959
9960
9961
9965
9967
9968
9970
9971
9972
9973
9974
9979
9980
9987
9992
9996
9997
9998
9999
10000
10002
10003
10004
10006
10009
10010
10011
10012
10013
10016
10018
10019
10020
10023
10028
10029
10030
10032
10033
10035
10036
10038
10039
10042
10043
10045
10046
10049
10051
10052
10053
10055
10058
10061
10062
10063
10064
10065
10069
10070
10071
10076
10078
10079
10080
10082
10083
10084
10085
10086
10087
10088
10090
10091
10093
10094
10096
10098
10099
10100
10102
10104
10106
10107
10108
10111
10112
10113
10114
10115
10116
10122
10126
10129
10130
10133
10134
10137
10138
10139
10141
10144
10145
10147
10149
10150
10151
10153
10155
10161
10162
10164
10165
10169
10171
10173
10177
10179
10180
10181
10182
10184
10185
10186
10193
10196
10197
10200
10202
10203
10204
10206
10209
10210
10211
10214
10215
10216
10217
10219
10221
10222
10224
10225
10226
10228
10232
10235
10236
10238
10239
10241
10243
10244
10245
10246
10255
10256
10258
10264
10266
10267
10268
10270
10271
10274
10275
10276
10277
10278
10279
10281
10282
10283
10284
10285
10286
10288
10291
10292
10293
10295
10300
10302
10304
10305
10306
10308
10309
10311
10312
10313
10314
10316
10317
10319
10321
10327
10329
10330
10331
10332
10333
10335
10336
10337
10338
10339
10340
10341
10342
10345
10346
10349
10350
10351
10352
10353
10356
10357
10359
10362
10365
10367
10368
10371
10372
10374
10377
10378
10380
10384
10387
10388
10389
10392
10395
10396
10398
10399
10401
629
10406
10407
10409
10410
10411
10412
10415
10416
10419
10423
10424
10427
10428
10429
10430
10431
10433
10435
10436
10437
10438
10439
10441
10443
10445
10446
10447
10449
10450
10453
10454
10455
10457
10462
10463
10466
10468
10470
10471
10472
10473
10476
10477
10478
10479
10481
10482
10483
10485
10487
10490
10494
10497
10498
10499
10501
10502
10504
10508
10512
10514
10515
10517
10518
10519
10520
10521
10523
10528
10530
10534
10536
10537
10538
10539
10542
10543
10546
10548
10550
10551
10553
10556
10558
10560
10562
10567
10568
10570
10571
10572
10574
10575
10576
10577
10580
10581
10584
10588
10589
10600
10602
10607
10608
10609
10614
10615
10618
10619
10622
10623
10625
10626
10628
10631
10633
10635
10636
10639
10640
10641
10642
10644
10646
10650
10652
10654
10655
10656
10658
10659
10662
10663
10664
10666
10668
10669
10671
10672
10680
10681
10682
10684
10685
10687
10688
10691
10692
10693
10694
10696
10697
10698
10701
10702
10703
10704
10706
10707
10709
10710
10711
10712
10716
10719
10720
10721
10724
10725
10727
10728
630
10729
10730
10732
10733
10735
10736
10738
10739
10740
10742
10743
10744
10748
10749
10750
10752
10754
10757
10758
10760
10761
10763
10764
10765
10766
10767
10769
10771
10772
10773
10775
10777
10778
10780
10781
10786
10787
10789
10790
10793
10796
10797
10798
10800
10801
10802
10804
10805
10807
10808
10809
10812
10813
10814
10817
10819
10821
10822
10823
10824
10825
10826
10827
10830
10832
10833
10835
10836
10838
10839
10844
10846
10847
10850
10851
10852
10853
10859
10860
10861
10863
10866
10867
10868
10869
10872
10873
10874
10878
10879
10880
10884
10885
10886
10887
10888
10889
10891
10896
10897
10901
10905
10907
10910
10912
10913
10914
10915
10916
10919
10920
10922
10923
10924
10927
10929
10930
10931
10933
10934
10935
10937
10939
10940
10942
10945
10946
10947
10949
10950
10951
10954
10956
10957
10959
10960
10962
10963
10964
10967
10968
10973
10976
10977
10980
10982
10983
10984
10989
10990
10993
10995
10996
11002
11003
11004
11005
11007
11009
11010
11011
11014
11015
11018
11019
11020
11021
11023
11025
11028
11029
11032
11033
11035
11036
11037
11039
11040
11041
11043
11045
11047
11048
11050
11051
11053
11057
11059
11060
11061
11062
11066
11067
11068
631
11069
11073
11074
11075
11077
11078
11079
11081
11082
11086
11087
11088
11089
11090
11091
11092
11093
11094
11096
11102
11103
11104
11105
11106
11107
11108
11109
11110
11111
11113
11114
11115
11116
11118
11119
11120
11127
11128
11129
11130
11132
11133
11136
11138
11141
11146
11147
11148
11149
11150
11152
11153
11154
11155
11156
11157
11159
11161
11162
11163
11165
11166
11167
11168
11169
11170
11172
11175
11176
11177
11178
11179
11180
11182
11184
11188
11189
11190
11192
11194
11195
11196
11197
11198
11199
11200
11202
11205
11206
11209
11212
11214
11216
11217
11218
11220
11221
11225
11226
11227
11228
11229
11230
11231
11233
11234
11235
11237
11238
11246
11247
11248
11250
11251
11255
11257
11262
11263
11267
11268
11269
11272
11276
11279
11280
11284
11286
11294
11296
11299
11301
11302
11303
11305
11310
11312
11313
11314
11322
11323
11325
11329
11330
11333
11335
11336
11337
11338
11341
11345
11347
11351
11352
11355
11360
11364
11365
11368
11369
11370
11372
11374
11376
11379
11380
11382
11385
11387
422
423
424
425
11389
11390
11392
11395
11399
11400
11401
11403
11404
11405
11406
11409
11413
11415
11416
11417
11419
11420
11421
11422
11427
11428
11430
11431
11434
11435
11437
11442
11447
11452
11455
11456
11459
11460
11463
11464
11465
11469
11470
11472
11473
11475
11477
11478
11480
11481
11484
11486
11487
11489
11491
11498
11500
11502
11503
11508
11510
11511
11512
11514
11516
11518
11519
11520
11522
11523
11524
11525
11526
11527
11530
11531
11532
11533
11534
11537
11538
11540
11544
11548
11549
11550
11554
11557
11559
11560
11562
11565
11566
11567
11572
11573
11574
11575
11576
11577
11578
11579
11580
11584
11586
11587
11588
11589
11594
11595
11596
11600
11601
11602
11605
11607
11609
11610
11611
11613
11616
11621
11624
11627
11628
11631
11632
11633
11635
11636
11637
11638
11640
11641
11642
11643
11644
11646
11649
11650
11651
11654
11655
11660
11661
11663
11666
11667
11668
11677
11678
11681
11686
11688
11690
11696
11702
11703
11705
11708
11709
11711
11712
11713
11715
11716
11717
11719
11721
11722
11723
11726
11730
11733
11737
11738
11739
11743
11746
11748
11756
11757
11760
11764
11765
11767
632
633
11769
11774
11775
11776
11780
11781
11782
11786
11790
11792
11793
11794
11795
11796
11797
11804
11815
11816
11817
11818
11820
11823
11825
11826
11830
11834
11836
11837
11838
11839
11840
11843
11844
11846
11848
11850
11851
11853
11854
11855
11856
11859
11861
11863
11864
11867
11868
11869
11870
11871
11873
11878
11879
11880
11883
11886
11888
11897
11899
11901
11903
11904
11905
11906
11912
11913
11917
11921
11922
11923
11924
11925
11926
11927
11933
11934
11935
11939
11942
11943
11946
11948
11950
11951
11954
11955
11956
11957
11958
11962
11963
11965
11966
11967
11968
11969
11970
11971
11973
11975
11976
11979
11982
11985
11986
11988
11990
11998
11999
12000
12004
12005
12008
12009
12012
12013
12014
12016
12021
12028
12030
12031
12032
12035
12036
12038
12044
12047
12048
12052
12053
12055
12058
12059
12060
12061
12063
12066
12068
12069
12071
12075
12078
12079
12081
12082
12084
12085
12087
12089
12092
12093
12094
12095
12098
12099
12100
12105
12108
12109
12111
12112
12117
12119
12121
12123
12127
12140
12141
12146
12148
12150
12151
12152
12153
12154
12155
12156
12157
12161
12165
12168
12170
12171
12174
12175
12179
12182
12183
12185
12186
12190
12193
12195
12196
12199
12200
12202
634
635
12206
12207
12209
12210
12215
12219
12220
12221
12224
12225
12226
12228
12229
12230
12231
12232
12236
12237
12238
12242
12244
12247
12248
12252
12253
12255
12257
12260
12261
12265
12267
12268
12269
12271
12273
12282
12283
12284
12285
12286
12288
12291
12295
12297
12300
12304
12305
12308
12311
12314
12315
12316
12317
12319
12320
12321
12327
12332
12334
12336
12338
12339
12341
12342
12343
12345
12349
12356
12359
12360
12361
12364
12369
12373
12375
12377
12378
12379
12380
12381
12386
12388
12389
12390
12392
12394
12396
12400
12401
12403
12406
12407
12409
12415
12416
12417
12418
12423
12429
12430
12431
12432
12433
12437
12440
12443
12447
12450
12451
12454
12455
12458
12459
12462
12465
12466
12467
12468
12474
12477
12483
12485
12489
12490
12492
12493
12494
12495
12498
12499
12500
12502
12506
12508
12509
12512
12515
12521
12522
12526
12529
12530
12531
12539
12541
12542
12543
12545
12546
12547
12549
12551
12554
12555
12556
12559
12561
12565
12566
12571
12573
12576
12581
12584
12587
12591
12592
12596
12598
12602
12603
12605
12606
12607
12608
12610
12612
12613
12614
12615
12616
12617
12618
12620
12621
636
637
638
12622
12626
12629
12631
12633
12637
12639
12641
12642
12644
12645
12646
12647
12648
12654
12655
12657
12670
12671
12672
12674
12677
12680
12681
12683
12686
12687
12688
12690
12693
12696
12697
12698
12700
12702
12707
12709
12712
12713
12714
12716
12717
12720
12722
12723
12725
12730
12731
12734
12736
12737
12738
12743
12744
12745
12747
12748
12753
12754
12755
12756
12762
12764
12765
12766
12768
12770
12771
12773
12776
12778
12779
12787
12788
12791
12792
12794
12795
12798
12799
12800
12809
12810
12811
12812
12814
12816
12818
12821
12822
12823
12825
12828
12829
12830
12831
12832
12833
12839
12840
12841
12842
12843
12844
12845
12846
12848
12851
12853
12857
12862
12864
12865
12870
12871
12872
12874
12880
12883
12884
12891
12895
12896
12897
12898
12899
12900
12905
12906
12907
12910
12912
12915
12916
12918
12921
12923
12927
12929
12931
12932
12937
12939
12940
12943
12944
12945
12947
12948
12951
12956
12958
12961
12963
12964
12967
12968
12970
12971
12978
12979
12980
12981
12985
12987
12988
12989
12990
12991
12992
12996
12998
13001
13003
13006
13007
13009
13010
13012
13014
13015
13016
13026
13027
13029
13034
13037
13038
13043
13046
13047
13049
13052
13060
639
640
13061
13063
13065
13068
13069
13074
13075
13077
13078
13079
13080
13081
13084
13085
13088
13092
13095
13096
13097
13098
13099
13102
13104
13107
13109
13110
13111
13112
13113
13115
13117
13119
13120
13122
13127
13132
13133
13134
13135
13140
13144
13148
13152
13153
13154
13155
13156
13157
13160
13161
13162
13163
13165
13168
13169
13171
13177
13178
13182
13187
13189
13190
13194
13196
13198
13199
13200
13201
13203
13205
13206
13207
13211
13212
13214
13215
13219
13221
13225
13228
13229
13230
13232
13233
13234
13239
13242
13247
13248
13250
13253
13254
13256
13257
13261
13263
13267
13275
13278
13280
13282
13284
13286
13287
13288
13289
13291
13292
13293
13298
13299
13307
13312
13316
13317
13320
13321
13323
13324
13325
13326
13329
13333
13334
13337
13338
13340
13342
13344
13348
13351
13355
13357
13360
13363
13365
13367
13369
13370
13372
13373
13375
13376
13377
13378
13379
13387
13389
13393
13395
13397
13398
13399
13400
13403
13405
13406
13417
13420
13421
13423
13427
13428
13434
13437
13439
13442
13445
13453
13460
13462
13464
13465
13474
13477
13480
13483
13485
13486
13488
13495
13498
13499
13500
13502
13503
13506
13508
13512
13513
13515
13528
13530
13531
13532
13536
13537
13539
13540
13542
13543
13544
13550
13552
13553
13554
641
13555
13556
13557
13560
13561
13563
13564
13572
13574
13578
13579
13582
13587
13588
13595
13596
13597
13598
13599
13600
13603
13605
13606
13607
13609
13610
13615
13619
13621
13622
13623
13624
13626
13629
13630
13631
13632
13638
13642
13645
13646
13653
13654
13655
13659
13660
13661
13665
13666
13667
13669
13671
13675
13677
13678
13680
13681
13686
13687
13691
13693
13701
13702
13703
13710
13711
13713
13714
13719
13720
13721
13724
13725
13726
13728
13730
13731
13732
13733
13734
13735
13736
13737
13744
13746
13752
13753
13755
13756
13757
13760
13761
13764
13766
13767
13768
13769
13771
13777
13779
13782
13784
13786
13787
13790
13794
13796
13797
13799
13800
13803
13807
13809
13811
13812
13813
13818
13819
13820
13823
13824
13825
13827
13828
13831
13833
13839
13844
13846
13849
13850
13853
13858
13864
13865
13867
13869
13872
13873
13879
13880
13882
13884
13885
13887
13892
13899
13903
13904
13905
13907
13908
13912
13917
13919
13921
13923
13926
13929
13930
13931
13933
13938
13939
13940
13942
13945
13948
13949
13950
13951
13953
13956
13963
13965
13968
13970
13976
13978
13983
13986
13991
13993
13994
13995
13996
13998
14014
14017
14022
14024
14026
14027
14028
14031
14032
14033
14037
14038
14039
14040
14042
14044
14047
14057
14058
14061
14065
14066
14067
642
14068
14071
14074
14080
14083
14084
14092
14095
14103
14105
14106
14107
14108
14111
14112
14119
14120
14125
14126
14127
14129
14130
14137
14138
14139
14146
14148
14150
14154
14156
14157
14165
14167
14171
14174
14177
14179
14180
14182
14184
14185
14188
14190
14192
14194
14196
14199
14201
14205
14208
14209
14211
14214
14215
14217
14220
14224
14229
14231
14234
14236
14237
14238
14239
14240
14242
14245
14247
14249
14251
14256
14258
14266
14267
14268
14275
14277
14278
14279
14281
14282
14283
14285
14292
14293
14294
14295
14298
14299
14300
14304
14308
14319
14321
14323
14328
14330
14334
14338
14340
14341
14344
14348
14350
14351
14352
14354
14359
14361
14362
14364
14368
14372
14375
14383
14386
14388
14394
14395
14399
14400
14402
14403
14404
14406
14407
14408
14410
14411
14412
14414
14416
14421
14424
14426
14428
14429
14430
14433
14438
14444
14445
14447
14451
14452
14453
14456
14462
14465
14474
14476
14477
14479
14481
14482
14483
14486
14488
14489
14490
14494
14495
14498
14500
14502
14503
14505
14507
14519
14525
14527
14529
14534
14540
14542
14543
14544
14545
14548
14556
14558
14561
14565
14574
14577
14578
14579
14581
14584
14586
14588
14592
14593
14597
14603
14605
14611
643
644
14615
14616
14618
14620
14623
14624
14625
14626
14634
14637
14638
14639
14646
14648
14650
14652
14654
14659
14660
14662
14663
14666
14667
14673
14674
14675
14680
14683
14687
14691
14692
14698
14699
14704
14709
14711
14715
14717
14719
14720
14724
14725
14727
14731
14732
14733
14735
14737
14740
14744
14745
14749
14750
14752
14759
14763
14766
14768
14773
14775
14777
14779
14787
14790
14792
14795
14799
14801
14802
14803
14810
14811
14812
14813
14814
14817
14819
14824
14826
14830
14833
14837
14838
14841
14842
14844
14847
14853
14855
14857
14859
14860
14863
14866
14867
14870
14882
14888
14889
14892
14893
14900
14904
14915
14918
14920
14925
14931
14933
14935
14936
14937
14938
14939
14945
14947
14948
14949
14952
14956
14957
14959
14961
14968
14970
14973
14975
14976
14982
14998
15000
15002
15005
15007
15011
15013
15014
15017
15022
15025
15026
15030
15031
15032
15035
15036
15038
15043
15046
15047
15052
15053
15055
15059
15064
15065
15067
15072
15073
15076
15079
15081
15083
15086
15091
15092
15093
15095
15096
15097
15100
15102
15105
15109
15110
15111
15116
15118
15119
15122
15124
15126
15132
15134
15137
15140
15143
15144
15145
15147
15148
15151
15152
15153
15162
15164
15166
15169
15172
15175
15178
15184
15185
15188
15189
15193
15197
15198
15201
15210
15214
15217
15218
15219
15223
15225
15226
15229
15231
15235
15238
15239
645
15240
15241
15245
15246
15247
15248
15249
15252
15253
15254
15255
15258
15259
15261
15265
15272
15275
15278
15281
15282
15287
15288
15291
15293
15301
15303
15306
15308
15309
15312
15316
15318
15320
15321
15322
15323
15324
15330
15334
15335
15338
15339
15348
15351
15354
15364
15365
15366
15370
15371
15375
15377
15378
15379
15384
15385
15386
15392
15393
15394
15395
15397
15398
15404
15412
15413
15415
15418
15420
15424
15426
15428
15430
15433
15440
15444
15446
15450
15451
15454
15458
15460
15461
15464
15465
15466
15467
15472
15474
15475
15478
15485
15486
15488
15494
15497
15498
15499
15505
15508
15509
15510
15511
15512
15513
15515
15517
15520
15522
15528
15529
15530
15531
15535
15540
15543
15544
15559
15562
15563
15568
15575
15579
15581
15584
15585
15587
15589
15592
15594
15600
15601
15602
15606
15609
15613
15615
15618
15619
15627
15646
15647
15649
15651
15653
15654
15658
15662
15665
15666
15671
15673
15675
15680
15683
15684
15686
15688
15690
15691
15694
15695
15696
15697
15701
15706
15707
15708
15710
15714
15716
15717
15718
15721
15729
15730
15740
15745
15746
15751
15756
15757
15760
15762
15765
15766
15767
15769
15773
15776
15783
15785
15788
15792
15794
15797
15801
15802
15804
15805
15806
15808
15811
15813
15814
15818
15819
15821
15823
15824
15825
15826
15827
15829
15832
15836
15837
15840
15841
15842
15843
15845
15847
15848
15850
15851
15852
15857
15864
15873
15874
15877
15878
15887
15888
15889
15897
15898
15907
15908
15913
15915
15917
15919
15920
15922
15923
15928
15930
15931
15934
15937
15938
15939
15941
15942
15946
15948
15949
15952
15955
15957
15959
15962
15964
15965
15966
15968
15970
15974
15977
15983
15984
15987
15990
15991
15992
15993
15996
16003
16004
16013
16018
16021
16023
16025
16031
16036
16037
16041
16043
16048
16049
16052
16055
16059
16062
16064
16068
16073
16075
16077
16080
16082
16085
16086
16087
16091
16092
16097
16098
16100
16104
16111
16112
16116
16123
16126
16128
16129
16130
16131
16137
16140
16146
16147
16148
16149
16151
16169
16170
16171
16174
16179
16181
16183
16187
16188
16189
16190
16191
16192
16193
16195
16198
16206
16210
16215
16219
16220
16223
16224
16231
16232
16234
16235
16237
16239
16240
16241
16242
16253
16256
16261
16262
16273
16274
16277
16278
16280
16286
16287
16290
16291
16294
16295
16297
16300
16304
16309
16311
16314
16316
16319
16323
16329
16336
16337
16339
16340
16343
16353
16357
16358
16363
16364
16368
16369
16370
16378
16380
16383
16384
16386
16389
16390
16392
16395
16397
16398
16400
16402
16404
16406
16407
16409
16410
16412
16420
16422
16425
16426
16427
16431
16437
16439
16442
16446
16450
16451
16459
16462
16465
16466
16469
16472
16479
16483
16484
16485
16492
16499
426
427
428
429
16505
16506
16507
16512
16513
16518
16519
16520
16521
16530
16532
16533
16538
16544
16545
16547
16551
16558
16560
16562
16564
16565
16570
16575
16580
16582
16583
16587
16589
16592
16593
16599
16601
16603
16611
16613
16616
16617
16618
16624
16626
16628
16629
16632
16636
16641
16642
16643
16650
16656
16657
16665
16669
16670
16677
16683
16687
16688
16689
16690
16693
16694
16700
16703
16704
16707
16709
16715
16716
16717
16718
16723
16728
16731
16733
16736
16737
16742
16747
16750
16754
16768
16769
16776
16778
16779
16783
16786
16787
16789
16790
16791
16792
16793
16797
16800
16801
16803
16804
16805
16807
16808
16811
16813
16817
16819
16820
16823
16824
16826
16842
16854
16857
16861
16872
16874
16878
16879
16881
16889
16896
16900
16901
16904
16914
16915
16916
16921
16922
16929
16931
16934
16937
16941
16942
16944
16945
16948
16954
16955
16956
16957
16960
16969
16970
16975
16985
16987
16988
16992
16994
16996
17000
17001
17003
17005
17006
17009
17010
17012
17014
17016
17017
17019
17024
17027
17028
17029
17036
17038
17039
17041
17042
17045
17049
17050
17051
17052
17053
17057
17062
17063
17065
17066
17068
17073
17076
17078
17079
17081
17084
17094
17095
17096
17099
17100
17103
17108
17111
17114
17115
17116
17118
17123
17125
17126
17127
17136
17138
17141
17143
17146
17149
17151
17153
17156
17160
17162
17164
17166
17168
17172
646
17175
17176
17179
17182
17184
17186
17191
17192
17193
17194
17197
17203
17204
17206
17209
17213
17214
17216
17218
17219
17220
17221
17223
17224
17227
17228
17231
17233
17235
17237
17240
17244
17245
17247
17250
17254
17256
17258
17262
17263
17265
17267
17273
17278
17279
17294
17297
17312
17313
17315
17317
17323
17327
17329
17330
17334
17338
17339
17343
17347
17351
17353
17357
17358
17360
17365
17366
17374
17377
17379
17381
17383
17392
17393
17400
17403
17405
17407
17408
17414
17416
17422
17425
17433
17434
17436
17441
17442
17447
17448
17449
17451
17452
17455
17458
17460
17469
17472
17473
17474
17475
17476
17485
17489
17492
17496
17497
17499
17504
17509
17513
17514
17515
17516
17521
17522
17523
17525
17530
17533
17534
17535
17539
17545
17548
17552
17553
17554
17555
17569
17570
17574
17579
17581
17582
17590
17591
17592
17595
17597
17598
17600
17604
17605
17606
17607
17608
17609
17614
17617
17634
17640
17642
17649
17650
17658
17659
17662
17663
17666
17667
17672
17673
17674
17676
17685
17688
17689
17692
17694
17710
17712
17713
17714
17715
17716
17723
17724
17729
17730
17740
17742
17746
17747
17751
17752
17753
17759
17760
17761
17765
17766
17772
17773
17776
17778
17784
17798
17801
17803
17804
17805
17811
17816
17820
17825
17826
17829
17835
17837
17838
17840
17841
17849
17856
17864
17869
17871
17877
17882
17887
17888
17889
17891
17892
17893
17894
17895
17898
17902
17904
17905
17909
17916
17917
17920
17923
17924
17930
17932
17934
17936
647
17938
17949
17952
17953
17955
17957
17975
17983
17986
17987
17988
17989
17995
17996
17999
18001
18002
18003
18005
18007
18014
18017
18018
18020
18023
18026
18027
18028
18029
18034
18037
18041
18050
18055
18057
18059
18062
18066
18067
18068
18069
18071
18077
18080
18090
18102
18104
18107
18108
18112
18113
18114
18115
18117
18118
18119
18120
18124
18125
18127
18128
18139
18149
18152
18153
18159
18164
18166
18168
18172
18176
18178
18179
18181
18183
18186
18188
18190
18193
18198
18206
18207
18211
18215
18231
18232
18236
18239
18242
18251
18252
18254
18255
18257
18259
18274
18275
18276
18279
18281
18286
18291
18293
18294
18295
18296
18299
18304
18306
18308
18310
18312
18318
18320
18324
18325
18340
18342
18343
18344
18358
18359
18363
18364
18369
18371
18374
18376
18377
18392
18394
18395
18398
18405
18407
18416
18419
18421
18423
18426
18429
18430
18431
18432
18435
18439
18440
18442
18443
18445
18447
18458
18462
18468
18470
18472
18474
18475
18477
18480
18481
18483
18485
18487
18489
18493
18495
18500
18507
18508
18509
18515
18522
18524
18525
18526
18528
18531
18532
18535
18541
18542
18552
18557
18559
18561
18565
18571
18572
18574
18575
18578
18593
18594
18598
18599
18604
18607
18611
18614
18615
18625
18630
18640
18648
18653
18656
18659
18663
18674
18678
18680
18682
18686
18691
18692
18693
18700
18701
18705
18706
18707
18709
18710
18717
18718
18729
18730
648
18731
18735
18736
18741
18745
18756
18757
18759
18760
18766
18768
18777
18779
18780
18781
18784
18787
18788
18791
18795
18797
18803
18804
18806
18818
18823
649
650
651
652
653
654
655
656
657
658
430
431
432
659
660
661
662
663
664
665
666
358
360
361
362
363
364
365
366
367
667
668
669
670
671
672
673
674
675
433
434
435
676
677
678
679
680
681
682
683
684
685
436
686
687
688
689
690
691
692
693
694
695
696
697
698
438
699
700
701
702
703
704
705
706
439
440
441
442
443
707
708
709
710
711
712
713
714
715
444
445
446
716
717
718
719
720
721
722
723
724
725
447
726
727
728
729
730
731
732
733
734
448
735
736
737
738
739
740
741
742
743
744
745
449
746
747
748
749
750
751
752
753
754
755
756
757
758
450
759
760
761
762
763
764
765
766
767
368
369
370
371
372
373
451
452
768
769
770
771
772
773
774
775
776
453
777
778
779
780
781
782
783
784
785
786
787
788
789
454
455
456
790
791
792
793
794
795
796
797
798
799
800
801
802
457
458
459
803
804
805
806
807
808
809
810
811
460
461
812
813
814
815
816
817
818
819
820
821
822
823
824
825
826
462
827
828
829
830
831
832
833
463
834
835
836
837
838
839
840
841
842
843
844
464
465
845
846
847
848
849
850
851
852
853
854
855
856
857
466
467
468
858
859
860
861
862
863
864
865
866
867
868
869
870
871
872
469
470
873
874
875
876
877
878
879
880
374
375
376
377
378
379
471
472
881
882
883
884
885
886
887
888
889
890
891
892
893
894
895
473
896
897
898
899
900
901
902
903
904
905
906
907
474
475
908
909
910
911
912
913
914
915
916
917
918
919
920
476
477
921
922
923
924
925
926
927
928
929
930
931
932
933
934
935
936
937
938
939
940
941
942
943
944
945
946
947
478
948
949
950
951
952
953
954
955
956
957
958
959
960
961
479
480
962
963
964
965
966
967
968
969
970
971
972
973
974
975
976
977
481
482
483
484
485
978
979
980
981
982
983
984
985
986
987
988
989
990
991
992
993
994
995
996
997
998
999
1000
1001
1002
1003
1004
1005
1006
1007
486
487
1008
1009
1010
1011
1012
1013
1014
1015
1016
1017
1018
380
381
382
383
384
385
386
488
1019
1020
1021
1022
1023
1024
1025
1026
1027
1028
1029
1030
1031
1032
1033
1034
1035
1036
1037
1038
1039
1040
489
1041
1042
1043
1044
1045
1046
1047
1048
1049
1050
1051
1052
1053
490
1054
1055
1056
1057
1058
1059
1060
1061
1062
1063
1064
1065
1066
1067
1068
1069
491
1070
1071
1072
1073
1074
1075
1076
1077
1078
1079
1080
1081
1082
1083
1084
1085
1086
1087
1088
1089
1090
1091
1092
1093
1094
1095
1096
1097
1098
1099
1100
1101
1102
1103
1104
1105
492
1106
1107
1108
1109
1110
1111
1112
1113
1114
1115
1116
1117
1118
1119
1120
1121
1122
1123
1124
1125
493
494
495
496
1126
1127
1128
1129
1130
1131
1132
1133
1134
1135
1136
1137
1138
1139
1140
1141
1142
1143
1144
1145
1146
1147
1148
1149
1150
1151
1152
1153
497
498
499
1154
1155
1156
1157
1158
1159
1160
1161
1162
1163
1164
1165
1166
1167
1168
1169
1170
1171
1172
1173
1174
1175
1176
1177
1178
1179
500
1180
1181
1182
1183
1184
1185
1186
1187
1188
1189
1190
1191
1192
1193
1194
1195
1196
1197
1198
1199
1200
1201
1202
1203
1204
1205
1206
1207
1208
1209
501
502
503
504
1210
1211
1212
1213
1214
1215
1216
1217
1218
1219
1220
1221
1222
1223
1224
1225
1226
1227
1228
1229
1230
1231
1232
1233
1234
1235
1236
1237
1238
388
389
390
391
393
1239
1240
1241
1242
1243
1244
1245
1246
1247
1248
1249
1250
1251
1252
1253
1254
1255
1256
1257
1258
1259
1260
1261
1262
1263
505
1264
1265
1266
1267
1268
1269
1270
1271
1272
1273
1274
1276
1277
1278
1279
1280
1281
1282
1283
1284
1286
1287
1289
1290
1291
1292
1293
1294
1295
1296
1297
1298
1299
1300
1301
1302
1303
1304
1305
1306
1307
1308
1309
1310
1311
1312
1313
1314
1315
1316
1317
1318
1319
1320
1321
1322
1323
1324
1325
1326
1327
1328
1329
1330
1331
1332
1333
1334
1335
1336
1337
1338
1339
1340
1341
1342
1343
1344
1345
1346
1348
1349
1350
1351
1352
1353
1354
1355
1356
1357
1358
1359
1360
1361
1362
1363
1364
506
1365
1367
1368
1369
1370
1371
1372
1373
1374
1375
1376
1377
1378
1379
1380
1381
1382
1383
1384
1385
1386
1387
1388
1389
1390
1391
1392
1393
1394
1395
1396
1397
1398
1399
1400
507
1401
1402
1403
1404
1405
1406
1407
1408
1409
1410
1411
1412
1413
1414
1415
1416
1417
1418
1419
1420
1421
1422
1423
1424
1425
1426
1427
1428
1429
1430
1431
1432
508
1433
1434
1435
1436
1437
1438
1439
1440
1441
1442
1443
1444
1445
1446
1447
1448
1449
1450
1451
1452
1453
1454
509
510
511
512
513
514
515
516
517
518
394
1546
1547
1548
1549
1550
1551
1552
1553
1554
1555
1556
1557
1558
1559
1560
1561
1562
1563
1564
1565
1566
1567
1568
1569
1570
1571
1572
1573
1574
1575
1576
1577
1578
1579
520
521
1580
1581
1582
1583
1584
1585
1586
1587
1588
1589
1590
1591
1592
1593
1594
1595
1596
1597
1598
1599
1600
1601
1602
1603
1604
1605
1606
1607
1608
1609
522
523
1610
1611
1612
1613
1614
1615
1616
1617
1618
1619
1620
1621
1622
1623
1624
1625
1626
1627
1628
1629
1630
1631
1632
1633
1634
1635
1636
1637
1638
1639
1640
1641
1642
1643
1644
1645
1646
1647
1648
1649
1650
1651
1652
1653
1654
1655
1656
1657
1658
1659
1660
1661
1662
524
1663
1664
1665
1666
1667
1668
1669
1670
1671
1672
1673
1674
1675
1676
1677
1678
1679
1680
1681
1682
1683
1684
1685
1686
1687
1688
1689
1690
1691
1692
1693
525
526
1694
1695
1696
1697
1698
1699
1700
1701
1702
1703
1704
1705
1706
1707
1708
1709
1710
1711
1712
1713
1714
1715
1716
1717
1718
1719
1720
1721
1722
1723
1724
1725
1726
1727
1728
1729
1730
1731
1732
1733
1734
1735
1736
1737
1738
1739
1740
1741
1742
1743
1744
1745
1746
1747
1748
1749
1750
1751
1752
1753
1754
1755
1756
1757
1758
1759
1760
1761
1762
1763
1764
1765
1766
1767
1768
1769
1770
1771
1772
1773
1774
1775
1776
1777
1778
1779
1780
1781
1782
1783
1784
1785
1786
1787
1788
1789
1790
1791
1792
1793
1794
1795
1796
1797
1798
1799
1800
1801
1802
1803
1804
1805
1806
1807
1808
1809
1810
1811
1812
1813
1814
1815
527
528
529
530
1816
1817
1818
1819
1820
1821
1822
1823
1824
1825
1826
1827
1828
1829
1830
1831
1832
1833
1834
1835
1836
1837
1838
1839
1840
1841
1842
1843
1844
1845
395
396
397
1846
1847
1848
1849
1850
1851
1852
1853
1854
1855
1856
1857
1858
1859
1860
1861
1862
1863
1864
1865
1866
1867
1868
1869
1870
1871
1872
1873
1874
1875
1876
1877
1878
1879
1880
1881
1882
531
1883
1884
1885
1886
1887
1888
1889
1890
1891
1892
1893
1894
1895
1896
1897
1898
1899
1901
1902
1903
1904
1905
1906
1907
1908
1909
1910
1911
1912
1913
1914
1915
1916
1917
1918
1919
532
533
1920
1921
1922
1923
1924
1925
1926
1927
1928
1929
1930
1931
1932
1933
1934
1935
1936
1937
1938
1939
1940
1941
1942
1943
1944
1945
1946
1947
1948
1949
1950
1951
1952
1953
1954
1955
1956
1957
1958
1959
534
535
536
1960
1961
1962
1963
1964
1965
1966
1967
1968
1969
1970
1971
1972
1973
1974
1975
1976
1977
1978
1979
1980
1981
1982
1983
1984
1985
1986
1987
1988
1989
1990
1991
1992
1993
1994
1995
1996
1997
1998
1999
2000
2001
537
2002
2003
2004
2005
2006
2007
2008
2009
2010
2011
2012
2013
2015
2016
2017
2018
2019
2020
2021
2022
2023
2024
2025
2026
2027
2028
2029
2030
2031
2032
2033
2034
2035
2036
2037
2038
2039
2040
2041
2042
2043
2044
2045
2046
2047
2048
538
2049
2050
2051
2052
2053
2054
2055
2056
2057
2058
2059
2060
2061
2062
2063
2064
2065
2066
2067
2068
2069
2070
2071
2072
2073
2074
2075
2076
2077
2078
2079
2080
2081
2082
2083
2084
2085
2086
2087
2088
2089
2090
2091
2092
2093
539
540
2094
2095
2096
2097
2098
2099
2100
2101
2102
2103
2104
2105
2106
2107
2108
2109
2110
2111
2112
2113
2114
2115
2116
2117
2118
2119
2120
2121
2122
2123
2124
2125
2126
2127
2128
2129
2130
2131
2132
2133
2134
2135
2136
2137
2138
2139
2140
2141
2142
2143
2144
2145
2146
2147
2148
2149
2150
2151
2152
2153
2154
2155
2156
2157
2158
2159
2160
2161
2162
2163
2164
2165
2166
2167
2168
2169
2170
2171
2172
2173
2174
2175
2176
2177
2178
2179
2180
2181
2182
2183
2184
2185
2187
2188
2189
541
2190
2191
2192
2193
2194
2195
2196
2197
2198
2199
2200
2201
2202
2203
2205
2206
2207
2208
2209
2210
2211
2212
2213
2214
2215
2216
2217
2218
2219
2220
2221
2222
2223
2224
2225
2226
2227
2228
2229
2230
2231
2232
2233
2234
2235
2236
2237
2238
2239
542
543
544
2240
2241
2242
2243
2244
2245
2246
2247
2248
2249
2250
2251
2252
2253
2254
2255
2256
2257
2258
2259
2260
2261
2262
2263
2264
2265
2266
2267
2268
2269
2270
2271
2272
2273
2274
2275
2276
2277
2278
2279
2280
2281
2282
2283
2285
2286
2287
399
400
401
2288
2289
2290
2291
2292
2293
2294
2295
2296
2297
2298
2299
2300
2301
2302
2303
2304
2305
2306
2307
2308
2309
2310
2311
2312
2313
2314
2315
2316
2317
2318
2319
2320
2321
2322
2323
2324
2325
2326
2327
2328
2329
2330
2331
2332
2333
2334
2335
2336
2337
2338
2339
2340
2341
2342
2343
2344
2345
2346
2347
2348
2349
2350
2351
2352
2353
2354
2355
2356
2357
2358
2359
2360
2361
2362
2363
2364
2365
2366
2367
2368
2369
2370
2371
2372
2373
2374
2375
2376
2377
2378
2379
2380
2381
2382
2383
2384
2385
2386
2387
2388
2389
2390
2391
2392
2393
2394
2395
2396
2397
545
2398
2399
2400
2401
2402
2403
2404
2405
2406
2407
2409
2410
2411
2413
2414
2415
2416
2417
2418
2419
2420
2421
2422
2423
2424
2425
2426
2427
2428
2429
2430
2431
2432
2433
2434
2435
2436
2437
2438
2439
2440
2441
2442
546
547
548
2443
2444
2445
2446
2447
2448
2449
2450
2451
2452
2453
2454
2455
2456
2457
2458
2459
2460
2461
2462
2463
2464
2466
2467
2468
2469
2470
2471
2472
2473
2474
2475
2476
2477
2478
2479
2480
2481
2482
2484
2485
2486
2487
2488
2489
2490
2491
2492
2493
2494
2495
549
550
2496
2497
2498
2499
2500
2501
2502
2503
2504
2505
2506
2507
2508
2509
2510
2511
2512
2513
2514
2515
2516
2517
2518
2519
2520
2522
2523
2524
2525
2526
2527
2528
2529
2530
2531
2532
2533
2534
2535
2536
2537
2538
2539
2540
2541
2542
2543
2544
2545
2546
2547
2548
551
2549
2550
2551
2552
2553
2554
2555
2556
2557
2558
2559
2560
2561
2562
2563
2564
2565
2567
2568
2569
2570
2571
2572
2573
2574
2575
2576
2577
2578
2579
2580
2581
2582
2583
2584
2585
2586
2587
2588
2589
2590
2591
2592
2593
2594
2595
2596
2598
2599
2600
2601
2602
2603
2604
2605
2606
2607
2608
2609
2610
2611
2612
2613
2614
2615
2616
2617
2618
2619
2620
2621
2622
2623
2624
2625
2626
2628
2629
2630
2631
2632
2633
2634
2635
2636
2637
2638
2639
2640
2641
2642
2643
2644
2645
2646
2647
2648
2649
2650
2651
2652
2654
2655
2656
2657
2658
2659
2660
2661
2662
2663
2664
2665
2666
2667
2668
2669
2670
2671
2672
2673
2674
2675
2676
2677
2678
2679
2680
2681
2682
2683
2684
2685
2686
2688
2689
2690
2691
2692
2693
2694
2695
2696
2697
2698
2699
2700
2701
2702
2703
2704
2705
2706
2707
2708
2709
2710
2711
2712
2713
2714
2715
2716
2717
2718
2719
2720
2721
2722
2723
2724
2725
2726
2727
2728
2729
2730
2731
2732
2733
2734
2735
2736
2737
2738
2739
2740
2741
2742
2743
2744
2745
2746
2747
2748
2749
2750
2751
2752
2753
2755
2756

Unique values for column 'x':
3.95
3.89
4.05
4.2
4.34
3.94
4.07
3.87
4.0
4.25
3.93
3.88
4.35
3.79
4.38
4.31
4.23
4.21
4.26
3.85
4.39
4.44
3.97
4.28
3.96
4.04
4.01
3.92
4.06
3.83
4.29
4.13
4.49
3.99
4.19
4.24
4.36
4.33
4.02
4.45
3.91
4.3
4.43
4.54
4.78
4.15
4.08
4.03
4.65
4.22
5.7
6.45
5.68
5.81
5.85
5.71
6.27
5.77
5.97
5.8
6.0
5.94
5.87
5.9
6.14
5.38
5.96
6.16
5.73
5.98
5.72
6.01
5.64
5.57
5.63
5.65
6.09
5.56
6.11
6.03
5.89
5.69
5.62
5.88
5.52
5.74
5.53
5.78
5.83
5.66
5.82
5.79
5.92
5.39
5.33
6.83
5.41
5.25
5.24
5.67
5.61
5.76
6.05
5.6
5.19
5.84
6.39
5.34
5.14
5.11
5.54
6.07
6.29
6.31
6.49
5.28
5.48
5.55
6.41
6.02
5.91
6.17
6.61
5.12
6.19
5.43
5.99
5.95
6.37
5.93
6.46
5.22
5.75
6.21
6.15
6.73
5.49
4.37
4.47
4.41
4.27
4.85
4.32
4.48
4.5
4.56
4.94
4.09
6.72
5.15
6.3
5.86
5.23
6.08
6.62
6.26
6.55
6.04
6.2
6.43
6.36
6.34
5.2
5.37
6.06
5.51
6.9
6.24
5.36
5.16
5.45
5.47
6.12
6.6
6.35
7.12
6.25
6.1
6.75
6.22
6.78
6.38
6.82
6.84
5.44
4.57
4.6
4.52
4.42
4.46
6.93
6.4
5.27
5.21
6.47
6.13
5.59
6.44
6.53
6.5
6.32
5.08
5.09
5.18
5.3
6.68
6.51
6.23
5.42
4.66
4.4
6.18
5.58
5.03
6.85
6.67
6.28
6.57
7.26
4.18
4.77
6.52
6.42
5.5
6.54
6.92
5.46
6.77
6.63
5.35
5.17
4.64
6.81
6.33
5.4
7.53
6.48
6.58
7.01
6.79
6.59
6.66
6.64
6.99
4.67
7.56
6.65
6.69
5.13
6.8
4.58
4.55
4.16
4.12
4.51
6.71
6.95
4.14
4.53
6.89
6.86
6.91
6.76
6.96
4.99
4.61
4.69
4.71
6.56
4.1
4.7
7.4
5.29
5.26
5.31
5.32
7.29
7.18
6.87
6.74
7.43
6.7
7.37
7.0
4.11
4.63
6.94
7.22
7.06
7.05
7.09
7.17
7.07
4.73
4.75
4.74
7.02
7.16
7.11
6.88
7.1
4.98
7.15
6.98
7.31
7.38
7.39
7.33
4.17
4.59
7.28
7.08
6.97
4.62
4.83
4.68
7.34
7.21
4.89
7.03
7.55
4.79
7.25
7.45
7.19
7.04
7.62
7.14
3.98
4.8
7.44
0.0
7.13
7.32
7.2
7.48
8.1
8.11
7.23
7.27
7.42
7.7
4.76
4.72
7.3
7.24
7.79
7.54
7.63
7.46
7.74
4.84
8.01
7.59
7.36
4.87
8.04
7.78
7.8
7.71
8.48
7.61
8.05
7.6
7.5
7.52
7.91
7.81
8.03
8.23
7.41
7.49
7.68
7.57
7.35
8.26
7.84
7.58
8.0
8.19
7.77
7.87
7.47
8.25
7.76
9.23
7.97
8.31
8.3
7.82
4.88
7.93
7.73
7.89
7.66
7.75
8.75
7.88
7.99
8.46
7.51
7.69
7.64
8.24
8.15
8.71
7.83
8.39
7.72
8.13
4.82
7.65
9.1
8.93
8.16
7.94
7.85
8.64
7.67
4.91
4.81
8.14
7.86
9.11
8.45
7.9
8.47
8.07
8.55
8.76
7.96
8.28
8.4
8.37
8.52
8.43
8.09
7.98
8.81
8.54
8.02
8.08
8.18
4.92
8.12
9.15
8.17
9.24
8.33
8.34
7.92
8.57
7.95
8.06
9.26
8.82
8.27
8.66
8.22
9.54
9.38
8.36
8.41
8.53
8.42
8.44
8.21
8.51
8.68
8.49
8.29
8.2
9.08
9.17
8.6
9.53
8.7
8.32
8.65
9.44
8.38
8.61
8.58
9.49
9.65
8.83
8.5
8.79
8.63
8.74
9.04
9.42
8.35
8.56
8.8
8.87
8.84
8.88
8.59
8.69
9.32
9.03
8.72
10.14
10.02
8.62
8.85
9.14
8.67
8.99
10.01
8.78
9.25
9.86
8.77
8.73
9.3
9.13
9.05
10.0
8.9
8.97
10.74
9.36
9.06
8.89
10.23
9.51
9.66
9.35
9.41
4.86
4.9
3.9
3.86
4.93
4.96
5.04
5.0
4.95
5.01
5.05
3.81
3.84
3.73
3.74
3.76
3.77
4.97
5.06
5.02
5.1
5.07
3.82

Unique values for column 'y':
3.98
3.84
4.07
4.23
4.35
3.96
4.11
3.78
4.05
4.28
3.9
4.37
3.75
4.42
4.34
4.29
4.26
4.27
4.3
3.92
4.43
4.47
4.01
3.94
3.97
3.99
4.03
4.06
4.08
3.85
4.31
4.16
4.51
4.5
4.55
4.02
4.24
4.38
3.95
4.48
3.89
3.88
4.33
4.32
4.59
4.84
4.22
4.0
4.25
4.13
4.09
4.04
4.12
4.67
5.72
6.33
5.67
5.73
5.85
5.9
5.76
5.95
5.78
5.93
5.75
5.96
5.79
5.87
5.8
5.81
6.11
5.43
6.0
5.84
6.12
5.82
5.74
5.94
6.07
5.69
5.83
5.61
5.53
5.58
5.59
5.97
6.09
5.99
5.86
5.68
5.65
5.55
5.77
5.91
5.56
5.89
5.92
6.03
5.44
5.37
5.88
6.9
5.62
5.27
5.26
5.7
5.64
5.63
5.71
5.51
5.22
6.36
5.54
5.66
6.2
5.18
5.15
6.1
6.21
6.22
6.45
6.01
5.3
5.41
5.52
6.27
6.05
6.06
6.13
6.55
5.35
5.16
6.25
6.02
5.46
6.23
6.08
5.45
6.41
6.34
5.25
6.15
6.19
6.66
4.36
4.2
4.79
4.57
4.52
4.53
4.58
5.0
6.67
5.11
6.29
6.04
6.53
6.65
6.5
6.16
5.6
6.39
5.21
5.4
5.98
6.83
6.37
6.31
5.38
6.43
5.29
5.19
6.18
5.34
5.48
5.23
6.14
5.49
5.57
6.46
7.05
6.26
6.75
6.74
6.77
4.66
4.46
4.56
4.41
4.4
4.39
5.2
6.88
5.31
6.3
6.48
5.47
5.13
6.49
6.47
6.32
5.12
5.24
6.35
6.61
4.7
6.24
6.28
5.08
6.44
6.79
6.57
6.92
6.6
5.28
5.42
5.5
7.09
4.45
4.62
4.8
6.42
6.85
6.54
6.7
6.51
6.59
6.38
6.69
5.06
4.69
4.44
4.49
6.71
6.4
6.17
5.39
7.42
6.52
6.95
6.56
6.62
6.87
6.81
7.39
6.58
6.73
5.17
4.65
4.19
4.61
6.64
6.91
6.8
4.15
4.71
4.21
4.68
6.84
6.86
4.96
5.04
5.09
4.64
4.74
4.73
4.6
4.75
7.28
5.32
6.82
6.63
7.17
7.13
4.1
4.63
7.35
6.68
7.26
6.78
4.17
4.9
6.89
7.01
7.1
6.72
7.0
5.36
4.76
4.78
6.96
7.15
7.19
6.93
4.54
7.34
6.76
7.18
4.14
7.12
7.04
7.22
7.2
6.94
7.16
7.21
4.18
7.32
7.06
6.99
4.72
7.03
7.14
6.97
7.29
7.51
4.81
6.98
7.33
7.23
7.25
7.02
7.59
7.11
4.82
7.07
7.36
7.08
7.4
7.41
8.05
8.06
0.0
4.83
7.44
7.79
8.07
7.24
7.7
7.45
7.56
4.88
7.27
7.95
4.87
7.31
4.77
4.89
8.02
7.37
7.49
7.38
7.74
7.75
7.64
8.39
7.55
8.0
7.48
7.5
7.54
7.47
7.52
7.53
7.43
7.85
7.6
7.3
7.99
7.57
8.18
7.8
7.92
7.72
8.2
7.65
7.63
7.58
7.73
9.1
8.27
8.19
7.76
8.01
7.66
7.46
7.97
4.94
7.91
7.86
7.61
8.69
7.82
7.9
8.43
7.62
7.71
7.83
8.3
8.12
7.94
7.98
8.56
7.78
8.22
8.28
7.67
4.85
8.44
7.87
8.97
8.84
8.11
4.98
7.81
8.09
7.68
8.25
9.07
8.38
8.67
7.84
4.86
8.26
8.66
7.69
8.32
8.46
8.35
7.89
8.04
8.21
7.96
8.03
8.77
8.49
8.17
8.13
8.33
7.77
9.02
8.08
9.13
7.88
8.31
8.53
8.5
8.14
8.83
8.81
9.25
8.15
8.76
8.23
7.93
8.16
8.63
9.38
9.31
8.34
8.24
8.51
8.47
8.1
8.57
8.45
3.86
8.96
9.48
8.36
8.58
8.41
8.61
8.64
4.97
58.9
8.68
9.4
8.37
8.48
8.29
8.4
9.42
9.59
8.78
8.54
8.7
8.98
9.26
8.65
8.52
8.6
8.42
9.37
8.74
8.59
8.55
9.01
9.19
10.1
9.94
8.71
9.34
9.2
9.81
8.73
8.82
8.87
8.75
8.79
8.93
8.88
9.14
9.03
8.9
8.94
9.85
8.62
10.54
8.89
10.16
9.46
9.63
9.22
9.32
8.85
4.91
4.93
4.92
3.93
4.95
5.01
4.99
5.05
3.77
3.8
3.71
3.73
3.68
3.72
3.91
5.07
5.02
5.03
3.87
5.14
5.1
5.33
3.83
3.81
3.82
31.8

Unique values for column 'z':
2.43
2.31
2.63
2.75
2.48
2.47
2.53
2.49
2.39
2.73
2.46
2.33
2.71
2.27
2.68
2.7
2.66
2.41
2.62
2.59
2.67
2.4
2.42
2.44
2.37
2.52
2.78
2.76
2.61
2.65
2.79
2.54
2.64
2.45
2.72
2.69
2.96
2.58
2.51
2.56
2.55
2.87
3.57
3.52
3.5
3.56
3.72
3.38
3.4
4.07
3.66
3.65
3.58
3.59
3.63
3.69
3.61
3.6
3.35
3.67
3.62
3.87
3.68
3.49
3.47
3.46
3.7
3.32
3.93
3.95
3.64
3.53
3.37
3.43
3.51
3.54
3.48
3.55
3.33
3.3
4.13
3.79
3.24
3.23
4.08
3.19
3.94
3.08
3.31
3.21
3.75
3.18
3.41
4.03
4.09
3.22
4.18
3.76
3.83
3.17
3.44
3.74
3.8
3.39
3.88
4.0
3.98
3.85
3.96
3.16
3.78
3.84
4.33
4.01
3.45
2.74
2.95
2.8
2.77
2.9
2.82
3.77
3.9
3.73
3.34
3.86
3.89
3.81
3.42
3.71
3.91
3.2
3.1
4.06
3.97
4.02
4.2
4.11
3.99
4.23
3.27
3.92
4.15
2.83
2.81
4.04
3.82
4.21
4.1
4.26
4.29
3.26
2.88
2.5
4.16
4.14
4.12
3.25
4.7
4.19
3.13
4.05
4.27
4.34
3.14
2.97
4.17
3.36
4.42
4.28
4.38
3.29
0.0
4.25
4.78
2.99
2.57
2.84
4.22
2.6
3.15
4.32
4.3
2.85
3.01
3.28
4.63
4.65
3.12
4.52
4.47
2.89
4.24
4.49
4.57
4.36
4.8
4.76
2.94
4.66
4.54
4.56
4.62
4.37
4.46
4.31
2.91
4.5
4.39
4.4
4.55
2.86
2.35
2.93
4.41
4.51
4.45
4.72
4.48
2.98
4.75
4.64
4.84
2.92
4.87
4.35
4.53
4.44
4.6
4.81
4.68
4.82
3.0
4.58
4.97
5.12
4.59
4.61
4.95
4.98
4.79
4.43
5.36
2.36
5.23
5.04
4.74
5.1
4.92
5.17
4.71
5.43
1.07
5.29
4.67
5.07
5.19
4.93
5.15
4.73
5.08
5.06
5.45
4.85
5.27
4.69
5.18
5.16
4.94
4.77
5.25
5.77
5.02
5.14
5.44
5.24
4.99
5.41
5.58
5.76
5.22
5.31
5.09
5.28
5.47
5.01
5.0
4.91
4.88
5.32
4.89
5.67
5.97
5.33
5.2
4.83
5.53
5.37
5.65
1.53
4.9
5.21
5.05
5.11
5.35
1.41
4.96
5.98
5.03
5.73
4.86
5.6
5.56
5.66
5.26
5.91
3.04
5.3
5.79
5.13
6.38
5.49
5.34
8.06
5.85
5.57
5.92
6.03
3.02
5.48
5.62
5.46
3.03
5.55
5.39
5.5
6.17
6.24
5.75
6.16
5.51
6.27
6.31
5.69
6.13
5.54
5.86
5.38
5.72
5.4
5.61
6.43
5.52
5.42
6.98
5.9
6.72
5.64
5.59
3.06
3.05
3.07
3.09
3.11
2.26
2.24
2.32
2.28
2.3
2.38
2.34
2.29
2.06
2.25
31.8

